 N      R            V           DV/DR          RHO            P '          XNH         TEMP        TAUROSS      COL.DENS.     CLF
  1    122.8       0.9916       0.6812E-04   0.2998E-18   0.3057E-06   0.9906E+05    8352.        0.000        0.000        1.000    
  2    120.3       0.9915       0.7093E-04   0.3122E-18   0.3169E-06   0.1032E+06    8421.       0.6840E-06   0.2581E-05    1.000    
  3    93.82       0.9891       0.1167E-03   0.5149E-18   0.5079E-06   0.1701E+06    8560.       0.1068E-04   0.4024E-04    1.000    
  4    64.85       0.9842       0.2442E-03   0.1083E-17   0.1076E-05   0.3578E+06    8815.       0.3181E-04   0.1197E-03    1.000    
  5    35.88       0.9714       0.7979E-03   0.3585E-17   0.3680E-05   0.1184E+07    9186.       0.9379E-04   0.3519E-03    1.000    
  6    21.39       0.9520       0.2244E-02   0.1029E-16   0.1087E-04   0.3399E+07    9477.       0.1862E-03   0.6970E-03    1.000    
  7    14.15       0.9274       0.5129E-02   0.2414E-16   0.2584E-04   0.7975E+07    9653.       0.3013E-03   0.1125E-02    1.000    
  8    10.53       0.9024       0.9264E-02   0.4480E-16   0.4856E-04   0.1480E+08    9787.       0.4167E-03   0.1554E-02    1.000    
  9    6.909       0.8513       0.2152E-01   0.1103E-15   0.1217E-03   0.3645E+08    9983.       0.6773E-03   0.2518E-02    1.000    
 10    6.294       0.8368       0.2593E-01   0.1352E-15   0.1501E-03   0.4468E+08   0.1004E+05   0.7474E-03   0.2778E-02    1.000    
 11    5.315       0.8067       0.3636E-01   0.1967E-15   0.2210E-03   0.6498E+08   0.1017E+05   0.8987E-03   0.3335E-02    1.000    
 12    4.002       0.7433       0.6413E-01   0.3765E-15   0.4314E-03   0.1244E+09   0.1031E+05   0.1250E-02   0.4628E-02    1.000    
 13    3.333       0.6918       0.9249E-01   0.5835E-15   0.6824E-03   0.1928E+09   0.1051E+05   0.1552E-02   0.5731E-02    1.000    
 14    2.663       0.6143       0.1448       0.1029E-14   0.1236E-02   0.3399E+09   0.1082E+05   0.2062E-02   0.7585E-02    1.000    
 15    2.424       0.5763       0.1748       0.1324E-14   0.1617E-02   0.4374E+09   0.1113E+05   0.2329E-02   0.8550E-02    1.000    
 16    2.185       0.5299       0.2151       0.1772E-14   0.2194E-02   0.5854E+09   0.1135E+05   0.2684E-02   0.9821E-02    1.000    
 17    1.946       0.4721       0.2712       0.2507E-14   0.3172E-02   0.8284E+09   0.1166E+05   0.3177E-02   0.1158E-01    1.000    
 18    1.707       0.3982       0.3525       0.3864E-14   0.5018E-02   0.1277E+10   0.1205E+05   0.3920E-02   0.1419E-01    1.000    
 19    1.583       0.3510       0.4101       0.5099E-14   0.6729E-02   0.1685E+10   0.1230E+05   0.4467E-02   0.1611E-01    1.000    
 20    1.458       0.2957       0.4829       0.7128E-14   0.9719E-02   0.2355E+10   0.1275E+05   0.5220E-02   0.1871E-01    1.000    
 21    1.334       0.2301       0.5771       0.1095E-13   0.1548E-01   0.3616E+10   0.1325E+05   0.6344E-02   0.2257E-01    1.000    
 22    1.272       0.1925       0.6348       0.1439E-13   0.2073E-01   0.4755E+10   0.1351E+05   0.7137E-02   0.2527E-01    1.000    
 23    1.210       0.1510       0.7017       0.2028E-13   0.2972E-01   0.6699E+10   0.1380E+05   0.8229E-02   0.2897E-01    1.000    
 24    1.164       0.1173       0.7585       0.2822E-13   0.4180E-01   0.9323E+10   0.1398E+05   0.9372E-02   0.3282E-01    1.000    
 25    1.118       0.8081E-01   0.8225       0.4442E-13   0.6645E-01   0.1468E+11   0.1418E+05   0.1110E-01   0.3858E-01    1.000    
 26    1.094       0.6141E-01   0.8576       0.6095E-13   0.9102E-01   0.2014E+11   0.1416E+05   0.1237E-01   0.4276E-01    1.000    
 27    1.071       0.4117E-01   0.8950       0.9488E-13   0.1412       0.3135E+11   0.1400E+05   0.1425E-01   0.4894E-01    1.000    
 28    1.060       0.3071E-01   0.9146       0.1300E-12   0.1930       0.4294E+11   0.1385E+05   0.1563E-01   0.5340E-01    1.000    
 29    1.048       0.2003E-01   0.9349       0.2037E-12   0.3015       0.6729E+11   0.1363E+05   0.1767E-01   0.6002E-01    1.000    
 30    1.043       0.1479E-01   0.9449       0.2788E-12   0.4117       0.9213E+11   0.1348E+05   0.1911E-01   0.6464E-01    1.000    
 31    1.037       0.9489E-02   0.9551       0.4393E-12   0.6431       0.1451E+12   0.1327E+05   0.2126E-01   0.7152E-01    1.000    
 32    1.036       0.8062E-02   0.9579       0.5185E-12   0.7583       0.1713E+12   0.1320E+05   0.2203E-01   0.7398E-01    1.000    
 33    1.034       0.6631E-02    1.370       0.6322E-12   0.9224       0.2089E+12   0.1312E+05   0.2296E-01   0.7692E-01    1.000    
 34    1.032       0.3813E-02    1.443       0.1104E-11    1.596       0.3646E+12   0.1292E+05   0.2486E-01   0.8277E-01    1.000    
 35    1.031       0.2594E-02    1.397       0.1625E-11    2.346       0.5369E+12   0.1281E+05   0.2602E-01   0.8626E-01    1.000    
 36    1.031       0.1862E-02    1.182       0.2266E-11    3.266       0.7486E+12   0.1273E+05   0.2721E-01   0.8973E-01    1.000    
 37    1.030       0.1169E-02   0.7471       0.3613E-11    5.201       0.1194E+13   0.1256E+05   0.2990E-01   0.9717E-01    1.000    
 38    1.030       0.8284E-03   0.5291       0.5105E-11    7.275       0.1687E+13   0.1246E+05   0.3297E-01   0.1052        1.000    
 39    1.029       0.5632E-03   0.3500       0.7519E-11    10.67       0.2484E+13   0.1242E+05   0.3847E-01   0.1184        1.000    
 40    1.028       0.4175E-03   0.2512       0.1015E-10    14.44       0.3354E+13   0.1247E+05   0.4519E-01   0.1333        1.000    
 41    1.028       0.3258E-03   0.1909       0.1302E-10    18.61       0.4302E+13   0.1257E+05   0.5338E-01   0.1499        1.000    
 42    1.028       0.2622E-03   0.1456       0.1619E-10    23.20       0.5349E+13   0.1271E+05   0.6332E-01   0.1687        1.000    
 43    1.027       0.1840E-03   0.9273E-01   0.2311E-10    33.80       0.7634E+13   0.1306E+05   0.8996E-01   0.2138        1.000    
 44    1.026       0.1372E-03   0.6199E-01   0.3101E-10    46.58       0.1025E+14   0.1348E+05   0.1277       0.2708        1.000    
 45    1.026       0.1067E-03   0.4308E-01   0.3994E-10    61.97       0.1320E+14   0.1422E+05   0.1799       0.3429        1.000    
 46    1.025       0.8511E-04   0.3087E-01   0.5011E-10    80.55       0.1656E+14   0.1474E+05   0.2510       0.4342        1.000    
 47    1.025       0.6920E-04   0.2268E-01   0.6171E-10    103.1       0.2039E+14   0.1533E+05   0.3465       0.5500        1.000    
 48    1.024       0.5694E-04   0.1700E-01   0.7508E-10    130.7       0.2481E+14   0.1599E+05   0.4727       0.6967        1.000    
 49    1.023       0.4645E-04   0.1282E-01   0.9218E-10    168.4       0.3046E+14   0.1674E+05   0.6548       0.9021        1.000    
 50    1.023       0.3866E-04   0.1000E-01   0.1109E-09    211.9       0.3664E+14   0.1750E+05   0.8723        1.142        1.000    
 51    1.022       0.3224E-04   0.7844E-02   0.1332E-09    266.4       0.4399E+14   0.1832E+05    1.152        1.445        1.000    
 52    1.021       0.2692E-04   0.6200E-02   0.1597E-09    335.3       0.5277E+14   0.1923E+05    1.510        1.830        1.000    
 53    1.020       0.2246E-04   0.4937E-02   0.1917E-09    423.0       0.6335E+14   0.2020E+05    1.964        2.316        1.000    
 54    1.019       0.1871E-04   0.3932E-02   0.2306E-09    535.2       0.7618E+14   0.2125E+05    2.537        2.932        1.000    
 55    1.019       0.1557E-04   0.3111E-02   0.2775E-09    678.8       0.9169E+14   0.2238E+05    3.260        3.713        1.000    
 56    1.018       0.1297E-04   0.2441E-02   0.3338E-09    861.3       0.1103E+15   0.2360E+05    4.172        4.700        1.000    
 57    1.017       0.1083E-04   0.1897E-02   0.4005E-09    1092.       0.1323E+15   0.2492E+05    5.335        5.950        1.000    
 58    1.016       0.9079E-05   0.1458E-02   0.4788E-09    1381.       0.1582E+15   0.2635E+05    6.833        7.532        1.000    
 59    1.014       0.7658E-05   0.1103E-02   0.5688E-09    1741.       0.1879E+15   0.2792E+05    8.785        9.534        1.000    
 60    1.013       0.6519E-05   0.8130E-03   0.6698E-09    2181.       0.2213E+15   0.2966E+05    11.36        12.07        1.000    
 61    1.012       0.5625E-05   0.5695E-03   0.7782E-09    2710.       0.2571E+15   0.3159E+05    14.82        15.28        1.000    
 62    1.011       0.4962E-05   0.3690E-03   0.8846E-09    3332.       0.2923E+15   0.3378E+05    19.54        19.33        1.000    
 63    1.009       0.4503E-05   0.2410E-03   0.9779E-09    4035.       0.3231E+15   0.3624E+05    26.07        24.47        1.000    
 64    1.007       0.4132E-05   0.1976E-03   0.1070E-08    4842.       0.3535E+15   0.3896E+05    34.85        30.97        1.000    
 65    1.005       0.3723E-05   0.1945E-03   0.1192E-08    5844.       0.3940E+15   0.4175E+05    45.99        39.22        1.000    
 66    1.003       0.3263E-05   0.1899E-03   0.1367E-08    7175.       0.4516E+15   0.4456E+05    59.62        49.68        1.000    
 67    1.000       0.2785E-05   0.1700E-03   0.1610E-08    8994.       0.5318E+15   0.4737E+05    76.26        62.93        1.000    
