
 NUMBER FRACTIONS OF THE ELEMENTS WITH RESPECT TO HYDROGEN

    1 0.10E+01   2 0.10E+00   3 0.13E-10   4 0.25E-10   5 0.35E-09   6 0.33E-03
    7 0.83E-04   8 0.68E-03   9 0.36E-07  10 0.12E-03  11 0.21E-05  12 0.38E-04
   13 0.30E-05  14 0.35E-04  15 0.28E-06  16 0.21E-04  17 0.32E-06  18 0.25E-05
   19 0.13E-06  20 0.23E-05  21 0.15E-08  22 0.10E-06  23 0.10E-07  24 0.47E-06
   25 0.25E-06  26 0.32E-04  27 0.83E-07  28 0.18E-05  29 0.16E-07  30 0.40E-07

 NUMBER FRACTIONS OF THE ELEMENTS

    1 0.91E+00   2 0.91E-01   3 0.11E-10   4 0.23E-10   5 0.32E-09   6 0.30E-03
    7 0.76E-04   8 0.61E-03   9 0.33E-07  10 0.11E-03  11 0.19E-05  12 0.35E-04
   13 0.27E-05  14 0.32E-04  15 0.26E-06  16 0.19E-04  17 0.29E-06  18 0.23E-05
   19 0.12E-06  20 0.21E-05  21 0.13E-08  22 0.95E-07  23 0.91E-08  24 0.42E-06
   25 0.22E-06  26 0.29E-04  27 0.76E-07  28 0.16E-05  29 0.15E-07  30 0.36E-07

 MASS FRACTION BY CLASS: H, He, Me   0.704       0.280       0.162E-01

 MASS FRACTIONS OF THE ELEMENTS

    1 0.70E+00   2 0.28E+00   3 0.61E-10   4 0.16E-09   5 0.27E-08   6 0.28E-02
    7 0.81E-03   8 0.76E-02   9 0.48E-06  10 0.17E-02  11 0.34E-04  12 0.65E-03
   13 0.56E-04  14 0.70E-03  15 0.61E-05  16 0.48E-03  17 0.78E-05  18 0.70E-04
   19 0.36E-05  20 0.64E-04  21 0.46E-07  22 0.35E-05  23 0.36E-06  24 0.17E-04
   25 0.94E-05  26 0.12E-02  27 0.34E-05  28 0.73E-04  29 0.72E-06  30 0.18E-05

 MEAN ATOMIC MASS OF MIXTURE:   1.300
