           1  0.396728902356245        607.725488686584     
           2  0.396838588495202        607.893510381006     
           3  0.398576625101360        610.555905632673     
           4  0.403180955601305        617.609006595407     
           5  0.408761483487374        626.157486468057     
           6  0.421916590448478        646.309015028691     
           7  0.468310156815723        717.376569282982     
           8  0.541816020384684        829.975844489462     
           9  0.579238810270866        887.301598011633     
          10  0.578208047831664        885.722634131354     
          11  0.569897125011039        872.991624107622     
          12  0.562794296052947        862.111221459928     
          13  0.554743597191777        849.778833094435     
          14  0.549660654161255        841.992573966744     
          15  0.544361181460857        833.874625872964     
          16  0.539386515079019        826.254229325095     
          17  0.537511863486481        823.382561673896     
          18  0.536469943505498        821.786506216745     
          19  0.536480104273809        821.802070895422     
          20  0.536545893703661        821.902849823224     
          21  0.536606509627213        821.995703763393     
          22  0.467664942217098        716.388203285626     
          23  0.424444419972635        650.181247235018     
          24  0.372470571391222        570.565589438302     
          25  0.363951203926401        557.515275420067     
          26  0.353834935922872        542.018764125791     
          27  0.354219950703839        542.608545446297     
          28  0.354227736580616        542.620472169411     
          29  0.354014839585318        542.294347882172     
          30  0.353656277424736        541.745087762806     
          31  0.353339195383178        541.259368578963     
          32  0.353460673972914        541.445454429713     
          33  0.355266910902443        544.212321714054     
          34  0.355436177432248        544.471611077477     
          35  0.355937873269748        545.240129192004     
          36  0.359811888693155        551.174503779755     
          37  0.364827048308622        558.856929511910     
          38  0.374082283546324        573.034475751511     
          39  0.383326745006292        587.195518279636     
          40  0.398631010575126        610.639215516135     
          41  0.416271698658799        637.661939907390     
          42  0.436773846256060        669.067964509253     
          43  0.460261934620562        705.047974775338     
          44  0.515576046061051        789.780383245670     
          45  0.563807175462391        863.662791386972     
          46  0.584812483803242        895.839578106163     
          47  0.597443073529863        915.187629807015     
          48  0.591481100175394        906.054836232204     
          49  0.568894364036480        871.455554011191     
          50  0.538650363440736        825.126562267148     
          51  0.496201162704560        760.101147913588     
