           1   2.74893677307071     
           2  0.796435801261279     
           3  0.500136762153358     
           4   4.49391269305791     
           5  0.854770538822645     
           6  0.798964867113340     
           7  0.695450875909976     
           8  0.368563994838991     
           9  0.120814126043077     
          10  9.348784171983471E-002
          11  8.305323951100224E-002
          12  6.671757824016668E-002
          13  6.732430825735429E-002
          14   1.17382870792739     
          15  0.538502998049690     
          16  0.162042842525956     
          17  9.369673301438712E-002
          18  8.362886379948541E-002
          19  6.742909078017433E-002
          20  0.363697826038003     
          21  0.561249406840443     
          22  0.327022108119086     
          23  0.266247742917889     
          24  0.203844824381980     
          25  0.137741382732685     
          26  8.465706161835757E-002
          27  4.538352772561311E-002
          28  2.721969935498206E-002
          29  2.015948068496281E-002
          30  1.654607163530693E-002
          31  1.345952236566242E-002
          32  1.109883397081170E-002
          33  8.779254741513250E-003
          34  6.759315903048423E-003
          35  5.169417752096239E-003
          36  3.934405106804257E-003
          37  2.834195775610557E-003
          38  2.310115919008704E-003
