           1   10.8310422771531     
           2   8.80852953506343     
           3   1.36742825307738     
           4   2.41519723252348     
           5   4.20061927041180     
           6   5.39609191138806     
           7   1.03857588795307     
           8  0.521171558318379     
           9  0.249246662285846     
          10  0.406440189513482     
          11  0.264632200681048     
          12  0.289985904333339     
          13  0.226004246701665     
          14   3.55956936439884     
          15   2.13033319240096     
          16  0.457624458752471     
          17  0.234494734338336     
          18  0.192873672969028     
          19  0.168610493145743     
          20  0.173486824680095     
          21  0.351464320228263     
          22  0.180164703093261     
          23  0.181498716523740     
          24  0.158592002853657     
          25  0.152263479004747     
          26  0.182526270895779     
          27  0.122499878761128     
          28  9.811444138141884E-002
          29  4.758797830571170E-002
          30  2.073494850129035E-002
          31  1.654444331273915E-002
          32  1.385093047265668E-002
          33  1.183874936259462E-002
          34  1.024456872220431E-002
          35  9.222229491590126E-003
          36  8.590354166302537E-003
          37  8.590354166302537E-003
          38  8.590354166302537E-003
