   1 -0.12488E-24  0.64365E-21 -0.18716E-27 -0.14220E-27 -0.15889E-18  0.82300E-21 -0.65058E-20  0.10614E-18 -0.27300E-18
   2 -0.14102E-24  0.69807E-21 -0.21139E-27 -0.16055E-27 -0.17235E-18  0.89260E-21 -0.72237E-20  0.11499E-18 -0.29615E-18
   3 -0.68894E-24  0.20134E-20 -0.10354E-26 -0.78223E-27 -0.49779E-18  0.25748E-20 -0.25326E-19  0.32800E-18 -0.85570E-18
   4 -0.75672E-23  0.99852E-20 -0.11435E-25 -0.86025E-26 -0.24746E-17  0.12773E-19 -0.16559E-18  0.15943E-17 -0.42573E-17
   5 -0.41011E-22  0.30919E-19 -0.62312E-25 -0.46807E-25 -0.76746E-17  0.39562E-19 -0.60352E-18  0.48625E-17 -0.13211E-16
   6 -0.43502E-21  0.15030E-18 -0.66802E-24 -0.50131E-24 -0.37357E-16  0.19246E-18 -0.34866E-17  0.23149E-16 -0.64336E-16
   7 -0.21747E-19  0.21032E-17 -0.33609E-22 -0.25730E-22 -0.49014E-15  0.26651E-17 -0.55894E-16  0.33330E-15 -0.88413E-15
   8 -0.88368E-18  0.26268E-16 -0.13760E-20 -0.10924E-20 -0.54388E-14  0.32916E-16 -0.71294E-15  0.43812E-14 -0.10593E-13
   9 -0.27221E-16  0.27877E-15 -0.43781E-19 -0.35948E-19 -0.52395E-13  0.35657E-15 -0.66390E-14  0.46365E-13 -0.10606E-12
  10 -0.10044E-15  0.69227E-15 -0.16442E-18 -0.13718E-18 -0.12597E-12  0.90389E-15 -0.15166E-13  0.11538E-12 -0.25822E-12
  11 -0.54419E-15  0.22543E-14 -0.92575E-18 -0.78872E-18 -0.40047E-12  0.30572E-14 -0.46163E-13  0.38894E-12 -0.84143E-12
  12 -0.15819E-14  0.47594E-14 -0.27806E-17 -0.24110E-17 -0.83124E-12  0.66324E-14 -0.99278E-13  0.87710E-12 -0.18206E-11
  13 -0.58045E-14  0.11804E-13 -0.10779E-16 -0.95981E-17 -0.20189E-11  0.17123E-13 -0.27762E-12  0.25117E-11 -0.48429E-11
  14 -0.12627E-13  0.20261E-13 -0.24467E-16 -0.22202E-16 -0.34156E-11  0.30247E-13 -0.54102E-12  0.48780E-11 -0.88978E-11
  15 -0.31177E-13  0.37785E-13 -0.64280E-16 -0.59736E-16 -0.62765E-11  0.58810E-13 -0.12257E-11  0.10846E-10 -0.18476E-10
  16 -0.93143E-13  0.79412E-13 -0.21189E-15 -0.20291E-15 -0.13121E-10  0.13255E-12 -0.34495E-11  0.28292E-10 -0.45168E-10
  17 -0.18009E-12  0.12292E-12 -0.44172E-15 -0.43020E-15 -0.20562E-10  0.21748E-12 -0.64907E-11  0.53780E-10 -0.81353E-10
  18 -0.39077E-12  0.20271E-12 -0.10653E-14 -0.10572E-14 -0.35123E-10  0.39216E-12 -0.13763E-10  0.11005E-09 -0.15992E-09
  19 -0.42121E-12  0.21245E-12 -0.11620E-14 -0.11547E-14 -0.37127E-10  0.41526E-12 -0.14778E-10  0.11779E-09 -0.17075E-09
  20 -0.48867E-12  0.23317E-12 -0.13800E-14 -0.13754E-14 -0.41183E-10  0.46561E-12 -0.17029E-10  0.13490E-09 -0.19430E-09
  21 -0.65639E-12  0.27975E-12 -0.19471E-14 -0.19512E-14 -0.50768E-10  0.58503E-12 -0.22562E-10  0.17653E-09 -0.25138E-09
  22 -0.11779E-11  0.39628E-12 -0.38938E-14 -0.39374E-14 -0.77634E-10  0.92413E-12 -0.39334E-10  0.30075E-09 -0.42022E-09
  23 -0.37732E-11  0.73825E-12 -0.16187E-13 -0.16537E-13 -0.18844E-09  0.23472E-11 -0.11885E-09  0.87378E-09 -0.11879E-08
  24 -0.45101E-10  0.71082E-12 -0.41146E-12 -0.41111E-12 -0.15012E-08  0.19146E-10 -0.13289E-08  0.91727E-08 -0.12068E-07
  25 -0.98001E-10 -0.19573E-11 -0.12003E-11 -0.11565E-11 -0.31138E-08  0.37759E-10 -0.27988E-08  0.19253E-07 -0.25300E-07
  26 -0.30709E-09 -0.18237E-10 -0.60191E-11 -0.56014E-11 -0.92812E-08  0.10472E-09 -0.85476E-08  0.57955E-07 -0.76178E-07
  27 -0.75492E-09 -0.62381E-10 -0.22123E-10 -0.20376E-10 -0.22290E-07  0.23555E-09 -0.20269E-07  0.13488E-06 -0.17836E-06
  28 -0.14213E-08 -0.13597E-09 -0.56053E-10 -0.51586E-10 -0.41352E-07  0.41763E-09 -0.37506E-07  0.24359E-06 -0.32416E-06
  29 -0.34354E-08 -0.37849E-09 -0.20845E-09 -0.19279E-09 -0.97808E-07  0.93541E-09 -0.91306E-07  0.56380E-06 -0.75692E-06
  30 -0.64021E-08 -0.75779E-09 -0.53096E-09 -0.49424E-09 -0.17842E-06  0.16531E-08 -0.17467E-06  0.10346E-05 -0.13950E-05
  31 -0.15527E-07 -0.19822E-08 -0.20212E-08 -0.19028E-08 -0.41771E-06  0.37469E-08 -0.44660E-06  0.24962E-05 -0.33779E-05
  32 -0.24279E-07 -0.31943E-08 -0.39678E-08 -0.37580E-08 -0.64115E-06  0.56928E-08 -0.71852E-06  0.39093E-05 -0.52960E-05
  33 -0.77853E-07 -0.10855E-07 -0.22978E-07 -0.22086E-07 -0.19602E-05  0.17226E-07 -0.24841E-05  0.10370E-04 -0.14899E-04
  34 -0.82424E-07 -0.11522E-07 -0.25048E-07 -0.24092E-07 -0.20696E-05  0.18188E-07 -0.26418E-05  0.10976E-04 -0.15777E-04
  35 -0.95278E-07 -0.13400E-07 -0.31088E-07 -0.29948E-07 -0.23848E-05  0.20951E-07 -0.30736E-05  0.12658E-04 -0.18221E-04
  36 -0.24746E-06 -0.37063E-07 -0.12789E-06 -0.12444E-06 -0.58861E-05  0.52734E-07 -0.85123E-05  0.32250E-04 -0.46915E-04
  37 -0.50355E-06 -0.80241E-07 -0.36293E-06 -0.35540E-06 -0.11363E-04  0.10484E-06 -0.18299E-04  0.66656E-04 -0.96853E-04
  38 -0.15143E-05 -0.27340E-06 -0.17942E-05 -0.17712E-05 -0.30544E-04  0.30187E-06 -0.59980E-04  0.20434E-03 -0.29643E-03
  39 -0.37418E-05 -0.77658E-06 -0.65056E-05 -0.64555E-05 -0.66665E-04  0.70780E-06 -0.15756E-03  0.49877E-03 -0.72672E-03
  40 -0.12285E-04 -0.31636E-05 -0.33926E-04 -0.33834E-04 -0.17705E-03  0.21028E-05 -0.55487E-03  0.14751E-02 -0.22184E-02
  41 -0.35822E-04 -0.11139E-04 -0.14447E-03 -0.14448E-03 -0.41289E-03  0.54344E-05 -0.17334E-02  0.92898E-04 -0.22693E-02
  42 -0.94746E-04 -0.33755E-04 -0.53063E-03 -0.53132E-03 -0.88606E-03  0.12638E-04 -0.50015E-02 -0.63942E-03 -0.53211E-02
  43 -0.22870E-03 -0.89494E-04 -0.17039E-02 -0.17067E-02 -0.17755E-02  0.26632E-04 -0.13431E-01 -0.31076E-02 -0.12262E-01
  44 -0.10513E-02 -0.44013E-03 -0.13248E-01 -0.13263E-01 -0.64241E-02  0.93083E-04 -0.80832E-01 -0.60338E-01 -0.27608E-01
  45 -0.37569E-02 -0.16029E-02 -0.69741E-01 -0.69785E-01 -0.19252E-01  0.23617E-03 -0.36969     -0.31485     -0.76438E-01
  46 -0.11151E-01 -0.47993E-02 -0.25671     -0.25680     -0.54254E-01  0.50580E-03  -1.2515      -1.1126     -0.20000    
  47 -0.37187E-01 -0.16141E-01  -1.0027      -1.0028     -0.18370      0.11830E-02  -4.4532      -4.2543     -0.40470    
  48 -0.12842     -0.58734E-01  -4.1831      -4.1832     -0.50774      0.78429E-03  -25.373      -13.456      -12.496    
  49 -0.61996     -0.30539      -28.606      -28.606      -1.8359     -0.91890E-02  -144.13      -82.781      -63.486    
  50  -4.0360      -2.1352      -302.84      -302.84      -8.8709     -0.12758      -1085.7      -810.69      -285.61    
  51  -28.622      -16.118      -3653.4      -3653.4      -46.937      -1.2694      -8445.6      -8224.4      -279.39    
