   1  0.29971E-20  0.16351E-16  0.20500E-23  0.15702E-23  0.12039E-15  0.40657E-16  0.15614E-15  0.49879E-15 -0.27926E-15
   2  0.33845E-20  0.17734E-16  0.23155E-23  0.17726E-23  0.13057E-15  0.44096E-16  0.17337E-15  0.54018E-15 -0.29806E-15
   3  0.16534E-19  0.51154E-16  0.11341E-22  0.86268E-23  0.37674E-15  0.12719E-15  0.60782E-15  0.15353E-14 -0.72905E-15
   4  0.18161E-18  0.25379E-15  0.12526E-21  0.94788E-22  0.18697E-14  0.63091E-15  0.39742E-14  0.74121E-14 -0.24528E-14
   5  0.98427E-18  0.78626E-15  0.68253E-21  0.51559E-21  0.57921E-14  0.19541E-14  0.14484E-13  0.22488E-13 -0.49509E-14
   6  0.10441E-16  0.38277E-14  0.73171E-20  0.55207E-20  0.28171E-13  0.95062E-14  0.83679E-13  0.10628E-12 -0.77492E-14
   7  0.53799E-15  0.55785E-13  0.37971E-18  0.29207E-18  0.39226E-12  0.13664E-12  0.13827E-11  0.15534E-11  0.29753E-13
   8  0.23102E-13  0.75708E-12  0.16448E-16  0.13106E-16  0.48602E-11  0.18050E-11  0.18638E-10  0.20569E-10  0.39112E-12
   9  0.75073E-12  0.90378E-11  0.55273E-15  0.45488E-15  0.51724E-10  0.20820E-10  0.18310E-09  0.20320E-09  0.25189E-11
  10  0.28400E-11  0.24059E-10  0.21296E-14  0.17798E-14  0.12950E-09  0.54338E-10  0.42886E-09  0.47894E-09  0.38564E-11
  11  0.15898E-10  0.88095E-10  0.12397E-13  0.10571E-13  0.43141E-09  0.19149E-09  0.13488E-08  0.15109E-08  0.56537E-11
  12  0.47491E-10  0.20612E-09  0.38287E-13  0.33209E-13  0.93283E-09  0.43151E-09  0.29809E-08  0.33154E-08  0.81852E-11
  13  0.18176E-09  0.60297E-09  0.15497E-12  0.13793E-12  0.24215E-08  0.11853E-08  0.86956E-08  0.94872E-08  0.23421E-10
  14  0.40801E-09  0.11726E-08  0.36321E-12  0.32931E-12  0.43206E-08  0.21970E-08  0.17486E-07  0.18790E-07  0.55514E-10
  15  0.10502E-08  0.25986E-08  0.99566E-12  0.92400E-12  0.85459E-08  0.45627E-08  0.41298E-07  0.43577E-07  0.15585E-09
  16  0.33198E-08  0.70305E-08  0.34773E-11  0.33233E-11  0.19832E-07  0.11284E-07  0.12299E-06  0.12730E-06  0.53476E-09
  17  0.66449E-08  0.12974E-07  0.75105E-11  0.72978E-11  0.33224E-07  0.19649E-07  0.23959E-06  0.24574E-06  0.10983E-08
  18  0.15036E-07  0.27022E-07  0.18906E-10  0.18712E-10  0.61586E-07  0.38143E-07  0.52979E-06  0.53869E-06  0.25521E-08
  19  0.16259E-07  0.28995E-07  0.20691E-10  0.20506E-10  0.65433E-07  0.40646E-07  0.57070E-06  0.57977E-06  0.29796E-08
  20  0.19001E-07  0.33397E-07  0.24757E-10  0.24608E-10  0.73723E-07  0.46195E-07  0.66246E-06  0.67230E-06  0.32990E-08
  21  0.25882E-07  0.44247E-07  0.35431E-10  0.35409E-10  0.93527E-07  0.59595E-07  0.89006E-06  0.90125E-06  0.43754E-08
  22  0.47643E-07  0.77435E-07  0.72728E-10  0.73330E-10  0.15065E-06  0.99008E-07  0.15919E-05  0.16060E-05  0.77032E-08
  23  0.15923E-06  0.23793E-06  0.31574E-09  0.32165E-09  0.39863E-06  0.27574E-06  0.50191E-05  0.50405E-05  0.22861E-07
  24  0.20293E-05  0.27063E-05  0.85703E-08  0.85574E-08  0.36099E-05  0.26442E-05  0.59889E-04  0.59955E-04  0.22250E-06
  25  0.43992E-05  0.56975E-05  0.24940E-07  0.24077E-07  0.74634E-05  0.53385E-05  0.12590E-03  0.12634E-03  0.38109E-06
  26  0.13683E-04  0.17125E-04  0.12412E-06  0.11607E-06  0.22081E-04  0.15224E-04  0.38213E-03  0.38475E-03  0.80639E-06
  27  0.32951E-04  0.40162E-04  0.44668E-06  0.41388E-06  0.51830E-04  0.34448E-04  0.88929E-03  0.89795E-03  0.15445E-05
  28  0.60965E-04  0.73048E-04  0.11117E-05  0.10297E-05  0.94587E-04  0.61212E-04  0.16203E-02  0.16393E-02  0.23030E-05
  29  0.14411E-03  0.16928E-03  0.40411E-05  0.37621E-05  0.22040E-03  0.13772E-03  0.38726E-02  0.39264E-02  0.39567E-05
  30  0.26556E-03  0.30877E-03  0.10176E-04  0.95334E-05  0.40216E-03  0.24607E-03  0.73533E-02  0.74614E-02  0.54179E-05
  31  0.63854E-03  0.73545E-03  0.38397E-04  0.36366E-04  0.95455E-03  0.57065E-03  0.18777E-01  0.19059E-01  0.66262E-05
  32  0.99738E-03  0.11456E-02  0.75290E-04  0.71713E-04  0.14817E-02  0.87855E-03  0.30323E-01  0.30775E-01  0.59419E-05
  33  0.32114E-02  0.36799E-02  0.43785E-03  0.42282E-03  0.47019E-02  0.27534E-02  0.10716      0.10871     -0.56491E-04
  34  0.34018E-02  0.38984E-02  0.47757E-03  0.46147E-03  0.49766E-02  0.29134E-02  0.11415      0.11583     -0.94944E-04
  35  0.39342E-02  0.45077E-02  0.59302E-03  0.57384E-03  0.57493E-02  0.33630E-02  0.13328      0.13513     -0.20871E-04
  36  0.10361E-01  0.11888E-01  0.24744E-02  0.24163E-02  0.14786E-01  0.87163E-02  0.38279      0.38665      0.74346E-03
  37  0.21400E-01  0.24605E-01  0.71301E-02  0.70024E-02  0.29700E-01  0.17767E-01  0.85303      0.85962      0.22687E-02
  38  0.65999E-01  0.76046E-01  0.36169E-01  0.35775E-01  0.85825E-01  0.53267E-01   2.9903       3.0044      0.87358E-02
  39  0.16613      0.19101      0.13366      0.13279      0.19940      0.12898       8.3676       8.3925      0.21452E-01
  40  0.55678      0.63438      0.71182      0.71020      0.57549      0.39960       32.347       32.383      0.64748E-01
  41   1.6542       1.8616       3.0900       3.0902       1.4426       1.0808       110.86       110.88      0.13548    
  42   4.4636       4.9604       11.584       11.597       3.2926       2.6582       349.30       349.25      0.17435    
  43   11.055       12.146       38.189       38.241       6.9938       6.0454       1016.2       1016.1     -0.11138    
  44   53.220       57.191       311.29       311.59       27.614       25.859       6972.4       6972.2      -2.2820    
  45   203.67       214.18       1757.7       1758.7       91.534       90.067       35436.       35437.      -10.379    
  46   667.11       688.46       7157.3       7159.5       273.29       276.73      0.13336E+06  0.13336E+06  -30.902    
  47   2542.7       2574.4       32054.       32057.       992.48       1001.3      0.54414E+06  0.54415E+06  -50.374    
  48   10614.       10643.      0.16240E+06  0.16240E+06   3678.6       3684.5      0.21539E+07  0.21539E+07  -48.322    
  49   64175.       64192.      0.13988E+07  0.13988E+07   19164.       19156.      0.15767E+08  0.15767E+08  -16.909    
  50  0.52977E+06  0.52974E+06  0.18892E+08  0.18892E+08  0.13488E+06  0.13477E+06  0.17881E+09  0.17881E+09   154.50    
  51  0.47704E+07  0.47709E+07  0.29118E+09  0.29118E+09  0.10313E+07  0.10313E+07  0.22960E+10  0.22960E+10  -530.99    
