   NO        LAMBDA       LOG F-NUE       TRAD       TRAD1      RTHIN   LTHIN
    1     370370.37037    -9.96877      31227.      24680.      1.156    38
    2     364705.99882    -9.95529      31237.      24688.      1.156    38
    3     364705.33377    -9.95525      31239.      24690.      1.156    38
    4     346015.12392    -9.90926      31271.      24718.      1.156    38
    5     329147.17804    -9.86557      31302.      24745.      1.156    38
    6     329146.63635    -9.86553      31305.      24746.      1.156    38
    7     311368.18018    -9.81699      31339.      24776.      1.156    38
    8     295411.86666    -9.77100      31373.      24806.      1.154    39
    9     295411.43032    -9.77097      31375.      24807.      1.154    39
   10     278544.78345    -9.71957      31414.      24841.      1.154    39
   11     263500.12663    -9.67100      31453.      24875.      1.154    39
   12     263499.77947    -9.67098      31454.      24876.      1.154    39
   13     247544.85376    -9.61632      31501.      24916.      1.154    39
   14     233411.75928    -9.56482      31550.      24959.      1.154    39
   15     233411.48687    -9.56480      31551.      24960.      1.154    39
   16     218367.94206    -9.50634      31615.      25015.      1.154    39
   17     205146.12120    -9.45136      31689.      25077.      1.154    39
   18     205145.91077    -9.45135      31689.      25077.      1.154    39
   19     195504.28026    -9.40883      31758.      25135.      1.154    39
   20     186728.25897    -9.36809      31836.      25200.      1.154    39
   21     178706.28542    -9.32898      31924.      25273.      1.152    40
   22     178706.12574    -9.32900      31922.      25272.      1.152    40
   23     169670.47577    -9.28255      32044.      25373.      1.152    40
   24     161504.56266    -9.23815      32179.      25483.      1.152    40
   25     154088.57634    -9.19563      32324.      25602.      1.152    40
   26     154088.45762    -9.19568      32320.      25599.      1.152    40
   27     145659.13026    -9.14459      32511.      25755.      1.152    40
   28     138104.21256    -9.09608      32704.      25913.      1.152    40
   29     131294.35423    -9.05000      32891.      26066.      1.152    40
   30     131294.26803    -9.05008      32884.      26061.      1.152    40
   31     123470.86010    -8.99421      33107.      26244.      1.152    40
   32     116527.36497    -8.94184      33298.      26402.      1.152    40
   33     110323.23820    -8.89264      33459.      26536.      1.150    41
   34     110323.17735    -8.89273      33452.      26530.      1.150    41
   35     104820.25437    -8.84709      33576.      26635.      1.150    41
   36      99840.22150    -8.80402      33670.      26716.      1.150    41
   37      95311.93112    -8.76326      33737.      26776.      1.150    41
   38      91176.58328    -8.72458      33783.      26820.      1.150    41
   39      91176.16762    -8.72464      33778.      26815.      1.150    41
   40      91139.61871    -8.72429      33778.      26816.      1.150    41
   41      91139.20339    -8.72428      33779.      26816.      1.150    41
   42      91060.95979    -8.72354      33779.      26817.      1.150    41
   43      91060.54519    -8.72354      33779.      26817.      1.150    41
   44      86433.23833    -8.67832      33814.      26853.      1.150    41
   45      82253.46934    -8.63556      33834.      26877.      1.150    41
   46      82253.13106    -8.63555      33834.      26877.      1.150    41
   47      77827.00850    -8.58800      33846.      26897.      1.150    41
   48      73852.91015    -8.54301      33854.      26913.      1.148    42
   49      73852.63744    -8.54308      33848.      26909.      1.148    42
   50      73823.02736    -8.54273      33848.      26909.      1.148    42
   51      73822.75487    -8.54273      33849.      26909.      1.148    42
   52      73735.26106    -8.54171      33849.      26910.      1.148    42
   53      73734.98921    -8.54171      33849.      26909.      1.148    42
   54      69568.83420    -8.49190      33852.      26924.      1.148    42
   55      65848.29133    -8.44465      33873.      26952.      1.148    42
   56      65848.07453    -8.44464      33873.      26952.      1.148    42
   57      61874.29530    -8.39121      33894.      26983.      1.148    42
   58      58352.83639    -8.34092      33916.      27014.      1.148    42
   59      58352.66614    -8.34110      33903.      27004.      1.148    42
   60      58329.26039    -8.34075      33903.      27004.      1.148    42
   61      58329.09028    -8.34074      33904.      27004.      1.148    42
   62      58230.66978    -8.33929      33905.      27006.      1.148    42
   63      58230.50024    -8.33930      33904.      27005.      1.148    42
   64      54526.72473    -8.28299      33928.      27041.      1.148    42
   65      51265.93343    -8.23040      33936.      27064.      1.148    42
   66      51265.80202    -8.23039      33937.      27064.      1.148    42
   67      48917.68681    -8.19036      33950.      27088.      1.145    43
   68      46775.25122    -8.15235      33949.      27101.      1.145    43
   69      44812.60486    -8.11605      33945.      27111.      1.145    43
   70      44812.50445    -8.11605      33945.      27111.      1.145    43
   71      44676.31099    -8.11348      33944.      27111.      1.145    43
   72      44676.21119    -8.11378      33922.      27093.      1.145    43
   73      44658.30944    -8.11344      33922.      27093.      1.145    43
   74      44658.20972    -8.11343      33922.      27094.      1.145    43
   75      44658.10866    -8.11343      33922.      27094.      1.145    43
   76      44658.00895    -8.11344      33921.      27093.      1.145    43
   77      44653.32276    -8.11335      33921.      27093.      1.145    43
   78      44653.22306    -8.11335      33921.      27093.      1.145    43
   79      44653.12336    -8.11335      33921.      27093.      1.145    43
   80      44653.02367    -8.11335      33921.      27093.      1.145    43
   81      44632.19722    -8.11296      33921.      27093.      1.145    43
   82      44632.09762    -8.11296      33921.      27093.      1.145    43
   83      44622.43841    -8.11277      33921.      27093.      1.145    43
   84      44622.33885    -8.11277      33920.      27093.      1.145    43
   85      43795.20485    -8.09696      33917.      27096.      1.145    43
   86      43795.10895    -8.09696      33917.      27096.      1.145    43
   87      42886.88798    -8.07927      33912.      27099.      1.145    43
   88      42886.79602    -8.07927      33912.      27099.      1.145    43
   89      40943.25060    -8.04020      33900.      27105.      1.145    43
   90      40943.16679    -8.04020      33900.      27105.      1.145    43
   91      38506.38761    -7.98862      33879.      27110.      1.145    43
   92      38506.31347    -7.98861      33880.      27111.      1.145    43
   93      36453.47338    -7.94265      33862.      27117.      1.145    43
   94      34608.43606    -7.89913      33846.      27125.      1.145    43
   95      32941.16872    -7.85786      33828.      27131.      1.145    43
   96      32941.11447    -7.85786      33828.      27131.      1.145    43
   97      32823.48000    -7.85480      33832.      27136.      1.145    43
   98      32823.42613    -7.85554      33778.      27093.      1.145    43
   99      32810.16709    -7.85520      33778.      27093.      1.145    43
  100      32810.11327    -7.85519      33779.      27094.      1.145    43
  101      32809.63684    -7.85518      33779.      27094.      1.145    43
  102      32809.58302    -7.85527      33772.      27088.      1.145    43
  103      32805.65438    -7.85517      33772.      27088.      1.145    43
  104      32805.60057    -7.85518      33771.      27088.      1.145    43
  105      32805.54676    -7.85518      33771.      27088.      1.145    43
  106      32805.49295    -7.85521      33769.      27086.      1.145    43
  107      32788.01400    -7.85476      33769.      27086.      1.145    43
  108      32787.96025    -7.85477      33768.      27086.      1.145    43
  109      32780.59780    -7.85458      33768.      27086.      1.145    43
  110      32780.54408    -7.85459      33767.      27085.      1.145    43
  111      32073.43534    -7.83633      33764.      27092.      1.145    43
  112      32073.38391    -7.83635      33762.      27090.      1.145    43
  113      31291.51014    -7.81571      33759.      27098.      1.145    43
  114      31291.46118    -7.81571      33758.      27098.      1.145    43
  115      29633.80017    -7.77021      33752.      27117.      1.145    43
  116      29633.75626    -7.77021      33752.      27117.      1.145    43
  117      28564.46135    -7.73953      33749.      27132.      1.145    43
  118      27569.64710    -7.71011      33737.      27140.      1.145    43
  119      27569.60910    -7.71009      33738.      27140.      1.145    43
  120      25811.89213    -7.65516      33742.      27177.      1.145    43
  121      24264.87074    -7.60410      33723.      27195.      1.145    43
  122      22892.80331    -7.55584      33727.      27231.      1.140    44
  123      22892.77711    -7.55585      33726.      27230.      1.140    44
  124      22794.05887    -7.55229      33725.      27232.      1.140    44
  125      22794.03289    -7.55430      33583.      27120.      1.140    44
  126      22784.82677    -7.55397      33583.      27120.      1.140    44
  127      22784.80081    -7.55395      33584.      27121.      1.140    44
  128      22784.10347    -7.55393      33584.      27121.      1.140    44
  129      22784.07751    -7.55397      33581.      27118.      1.140    44
  130      22781.30073    -7.55387      33581.      27118.      1.140    44
  131      22781.27478    -7.55389      33579.      27117.      1.140    44
  132      22781.24879    -7.55389      33579.      27117.      1.140    44
  133      22781.22284    -7.55395      33575.      27114.      1.140    44
  134      22766.77832    -7.55342      33575.      27114.      1.140    44
  135      22766.75240    -7.55344      33574.      27113.      1.140    44
  136      22760.87082    -7.55322      33574.      27114.      1.140    44
  137      22760.84492    -7.55328      33570.      27110.      1.140    44
  138      22173.21933    -7.53166      33572.      27127.      1.140    44
  139      22173.19475    -7.53170      33569.      27125.      1.140    44
  140      21518.68091    -7.50696      33571.      27145.      1.140    44
  141      21518.65776    -7.50696      33571.      27144.      1.140    44
  142      20146.40390    -7.45267      33578.      27191.      1.140    44
  143      20146.38360    -7.45268      33577.      27191.      1.140    44
  144      19264.02087    -7.41599      33576.      27219.      1.140    44
  145      18455.70572    -7.38083      33585.      27255.      1.140    44
  146      18455.68869    -7.38083      33584.      27255.      1.140    44
  147      17336.21614    -7.32974      33592.      27306.      1.140    44
  148      16344.78533    -7.28192      33597.      27353.      1.140    44
  149      15460.61706    -7.23702      33597.      27397.      1.140    44
  150      14667.19760    -7.19479      33589.      27434.      1.140    44
  151      14667.18684    -7.19482      33586.      27432.      1.140    44
  152      14588.17661    -7.19049      33586.      27437.      1.140    44
  153      14588.16597    -7.19420      33339.      27241.      1.140    44
  154      14582.28320    -7.19387      33339.      27241.      1.140    44
  155      14582.27257    -7.19390      33337.      27240.      1.140    44
  156      14579.88425    -7.19376      33337.      27240.      1.140    44
  157      14579.87362    -7.19380      33335.      27238.      1.140    44
  158      14579.86304    -7.19380      33335.      27238.      1.140    44
  159      14579.85242    -7.19391      33328.      27232.      1.140    44
  160      14568.35068    -7.19327      33328.      27233.      1.140    44
  161      14568.34007    -7.19331      33325.      27231.      1.140    44
  162      14564.17083    -7.19308      33325.      27231.      1.140    44
  163      14564.16022    -7.19325      33314.      27222.      1.140    44
  164      14444.53974    -7.18662      33316.      27231.      1.140    44
  165      14326.86823    -7.18004      33318.      27240.      1.140    44
  166      14211.09842    -7.17350      33322.      27249.      1.140    44
  167      14097.18461    -7.16705      33323.      27257.      1.140    44
  168      14097.17467    -7.16718      33314.      27250.      1.140    44
  169      13567.73861    -7.13657      33320.      27289.      1.140    44
  170      13567.72940    -7.13658      33320.      27288.      1.140    44
  171      13001.38625    -7.10278      33316.      27324.      1.140    44
  172      12480.42911    -7.07045      33315.      27361.      1.140    44
  173      12480.42132    -7.07047      33314.      27360.      1.140    44
  174      11785.87557    -7.02588      33285.      27393.      1.140    44
  175      11164.55866    -6.98413      33248.      27418.      1.134    45
  176      11164.55243    -6.98421      33243.      27414.      1.134    45
  177      10695.23319    -6.95157      33197.      27423.      1.134    45
  178      10263.77933    -6.92054      33148.      27428.      1.134    45
  179       9865.78601    -6.89107      33092.      27427.      1.134    45
  180       9497.50608    -6.86275      33047.      27435.      1.134    45
  181       9155.73176    -6.83616      32972.      27418.      1.134    45
  182       8837.70098    -6.81057      32907.      27408.      1.134    45
  183       8541.02256    -6.78609      32840.      27397.      1.134    45
  184       8263.61597    -6.76231      32790.      27398.      1.134    45
  185       8263.58182    -6.76244      32783.      27393.      1.134    45
  186       8205.85943    -6.75733      32777.      27397.      1.134    45
  187       8205.82576    -6.77145      31965.      26749.      1.134    45
  188       8202.56197    -6.77115      31965.      26750.      1.134    45
  189       8202.52833    -6.77139      31951.      26739.      1.134    45
  190       8192.92704    -6.77041      31958.      26745.      1.134    45
  191       8192.89348    -6.77053      31951.      26740.      1.134    45
  192       8190.63875    -6.77032      31951.      26740.      1.134    45
  193       8190.60521    -6.77078      31924.      26719.      1.134    45
  194       8101.53656    -6.76300      31909.      26721.      1.134    45
  195       8014.38422    -6.75504      31909.      26735.      1.134    45
  196       7929.08700    -6.74710      31914.      26752.      1.134    45
  197       7845.58631    -6.73926      31918.      26769.      1.134    45
  198       7845.55553    -6.73976      31890.      26747.      1.134    45
  199       7635.96601    -6.71972      31905.      26794.      1.134    45
  200       7437.28325    -6.70066      31902.      26826.      1.134    45
  201       7437.25560    -6.70068      31900.      26825.      1.134    45
  202       7148.73613    -6.67213      31903.      26880.      1.134    45
  203       6881.76621    -6.64454      31925.      26951.      1.134    45
  204       6634.01845    -6.61935      31884.      26970.      1.134    45
  205       6633.99645    -6.61941      31881.      26968.      1.134    45
  206       6371.74791    -6.59159      31858.      27008.      1.134    45
  207       6129.44480    -6.56549      31818.      27033.      1.134    45
  208       5904.89504    -6.54057      31785.      27062.      1.134    45
  209       5696.21644    -6.51598      31796.      27126.      1.134    45
  210       5696.20021    -6.51701      31744.      27084.      1.134    45
  211       5447.44150    -6.48926      31641.      27071.      1.125    46
  212       5219.50073    -6.46213      31594.      27101.      1.125    46
  213       5009.86956    -6.43491      31627.      27195.      1.125    46
  214       4816.42707    -6.41290      31484.      27143.      1.125    46
  215       4637.36772    -6.37945      31938.      27575.      1.134    45
  216       4471.14486    -6.36310      31651.      27404.      1.125    46
  217       4316.42591    -6.34569      31475.      27322.      1.125    46
  218       4172.05658    -6.32623      31443.      27355.      1.125    46
  219       4037.03199    -6.31028      31304.      27300.      1.125    46
  220       3910.47329    -6.29601      31140.      27223.      1.125    46
  221       3791.60849    -6.27461      31315.      27421.      1.125    46
  222       3679.75666    -6.26512      31032.      27243.      1.125    46
  223       3679.74989    -6.26538      31021.      27234.      1.125    46
  224       3647.02547    -6.25960      31061.      27283.      1.125    46
  225       3647.01882    -6.29820      29555.      26047.      1.125    46
  226       3645.57479    -6.29795      29557.      26049.      1.125    46
  227       3645.56814    -6.29841      29540.      26034.      1.125    46
  228       3616.02176    -6.29067      29673.      26158.      1.125    46
  229       3586.95046    -6.28829      29607.      26118.      1.125    46
  230       3558.34287    -6.28245      29673.      26187.      1.125    46
  231       3530.18799    -6.27851      29670.      26198.      1.125    46
  232       3475.19404    -6.26813      29763.      26302.      1.125    46
  233       3421.88721    -6.25823      29846.      26398.      1.125    46
  234       3421.88136    -6.25990      29784.      26347.      1.125    46
  235       3315.62482    -6.24016      29945.      26537.      1.125    46
  236       3215.76852    -6.22388      30010.      26645.      1.125    46
  237       3121.75109    -6.20373      30241.      26890.      1.125    46
  238       3121.74622    -6.20385      30236.      26887.      1.125    46
  239       3090.76803    -6.20068      30188.      26865.      1.125    46
  240       3060.39861    -6.19531      30221.      26910.      1.125    46
  241       3030.62020    -6.18926      30282.      26978.      1.125    46
  242       3001.41570    -6.18567      30258.      26977.      1.125    46
  243       2944.66335    -6.17655      30288.      27037.      1.125    46
  244       2890.01737    -6.16927      30266.      27053.      1.125    46
  245       2786.59228    -6.14650      30532.      27342.      1.125    46
  246       2690.31397    -6.13183      30561.      27432.      1.125    46
  247       2600.46641    -6.11497      30698.      27611.      1.125    46
  248       2600.46303    -6.11521      30690.      27604.      1.125    46
  249       2571.73183    -6.11478      30574.      27527.      1.125    46
  250       2543.62856    -6.10836      30655.      27616.      1.125    46
  251       2516.13287    -6.09717      30894.      27837.      1.125    46
  252       2489.22526    -6.09963      30696.      27691.      1.125    46
  253       2437.10038    -6.08977      30785.      27806.      1.125    46
  254       2387.11375    -6.07354      31086.      28099.      1.125    46
  255       2293.04964    -6.06348      31018.      28118.      1.110    47
  256       2206.11767    -6.05456      30965.      28146.      1.110    47
  257       2125.53631    -6.03367      31307.      28507.      1.110    47
  258       2050.63419    -6.02260      31390.      28646.      1.110    47
  259       2050.63208    -6.02442      31338.      28601.      1.110    47
  260       2047.68536    -6.02395      31342.      28608.      1.110    47
  261       2044.74709    -6.02349      31347.      28615.      1.110    47
  262       2041.81724    -6.02895      31182.      28477.      1.110    47
  263       2038.89578    -6.02850      31186.      28483.      1.110    47
  264       2033.07785    -6.02532      31260.      28552.      1.110    47
  265       2027.29304    -6.02443      31269.      28564.      1.110    47
  266       2015.82162    -6.01773      31427.      28710.      1.110    47
  267       2004.47928    -6.02187      31277.      28593.      1.110    47
  268       1993.26387    -6.01877      31334.      28652.      1.110    47
  269       1982.17327    -6.01619      31377.      28699.      1.110    47
  270       1971.20540    -6.01180      31472.      28791.      1.110    47
  271       1960.35824    -6.00767      31559.      28876.      1.125    46
  272       1949.62981    -6.01021      31460.      28802.      1.110    47
  273       1939.01816    -6.00972      31448.      28801.      1.110    47
  274       1928.52140    -6.00699      31498.      28854.      1.110    47
  275       1918.13768    -6.00064      31649.      28994.      1.125    46
  276       1907.86518    -6.00259      31571.      28937.      1.110    47
  277       1897.70212    -5.99948      31633.      29001.      1.125    46
  278       1887.64676    -5.99804      31650.      29025.      1.125    46
  279       1877.69741    -5.99361      31750.      29121.      1.125    46
  280       1867.85238    -5.99192      31775.      29152.      1.125    46
  281       1858.11005    -5.99218      31747.      29138.      1.110    47
  282       1848.46882    -5.99178      31738.      29140.      1.125    46
  283       1838.92713    -5.98919      31789.      29194.      1.110    47
  284       1829.48344    -5.98532      31876.      29278.      1.125    46
  285       1820.13625    -5.98514      31863.      29277.      1.125    46
  286       1810.88409    -5.98467      31858.      29283.      1.125    46
  287       1801.72551    -5.98366      31869.      29301.      1.125    46
  288       1792.65910    -5.98277      31877.      29318.      1.125    46
  289       1783.68349    -5.98157      31894.      29342.      1.125    46
  290       1774.79730    -5.98183      31873.      29334.      1.125    46
  291       1765.99922    -5.97847      31949.      29408.      1.125    46
  292       1757.28794    -5.97702      31974.      29439.      1.125    46
  293       1748.66217    -5.97759      31947.      29425.      1.110    47
  294       1740.12067    -5.97754      31937.      29425.      1.125    46
  295       1731.66221    -5.97832      31906.      29408.      1.125    46
  296       1723.28559    -5.98047      31840.      29360.      1.125    46
  297       1714.98961    -5.97702      31920.      29438.      1.125    46
  298       1706.77313    -5.97171      32049.      29558.      1.125    46
  299       1698.63500    -5.97231      32025.      29547.      1.125    46
  300       1690.57411    -5.97384      31978.      29515.      1.125    46
  301       1682.58936    -5.97060      32054.      29589.      1.125    46
  302       1674.67968    -5.97299      31986.      29540.      1.125    46
  303       1666.84403    -5.97376      31960.      29526.      1.125    46
  304       1659.08135    -5.97583      31903.      29485.      1.125    46
  305       1651.39065    -5.97153      32007.      29584.      1.125    46
  306       1643.77091    -5.96644      32132.      29700.      1.125    46
  307       1636.22117    -5.97718      31859.      29472.      1.125    46
  308       1628.74046    -5.98328      31705.      29348.      1.125    46
  309       1621.32785    -5.98477      31668.      29323.      1.125    46
  310       1613.98240    -5.97773      31839.      29481.      1.125    46
  311       1606.70320    -5.99397      31446.      29146.      1.125    46
  312       1599.48938    -5.97264      31963.      29605.      1.125    46
  313       1592.34004    -5.98078      31765.      29441.      1.125    46
  314       1585.25432    -5.97195      31981.      29636.      1.125    46
  315       1578.23139    -5.98044      31776.      29467.      1.125    46
  316       1571.27041    -5.97073      32013.      29680.      1.125    46
  317       1564.37057    -5.98140      31758.      29467.      1.125    46
  318       1557.53106    -5.98853      31593.      29330.      1.125    46
  319       1550.75109    -6.09083      29354.      27379.      1.134    45
  320       1544.02990    -5.97607      31895.      29610.      1.125    46
  321       1537.36671    -5.97449      31937.      29654.      1.125    46
  322       1530.76079    -5.98541      31685.      29442.      1.125    46
  323       1524.21139    -5.96186      32247.      29940.      1.110    47
  324       1517.71780    -5.96103      32271.      29969.      1.110    47
  325       1511.27930    -5.95845      32338.      30035.      1.110    47
  326       1504.89520    -5.98049      31824.      29594.      1.125    46
  327       1498.56481    -5.98048      31832.      29608.      1.125    46
  328       1492.28745    -5.96067      32301.      30026.      1.110    47
  329       1486.06247    -5.96108      32298.      30031.      1.110    47
  330       1479.88920    -5.97143      32063.      29833.      1.125    46
  331       1473.76701    -5.96932      32120.      29890.      1.125    46
  332       1467.69527    -5.97609      31973.      29768.      1.125    46
  333       1461.67335    -5.98060      31879.      29694.      1.125    46
  334       1455.70064    -5.98487      31793.      29625.      1.125    46
  335       1449.77655    -5.96696      32209.      29997.      1.110    47
  336       1443.90048    -5.97760      31977.      29801.      1.125    46
  337       1438.07184    -5.96190      32345.      30130.      1.110    47
  338       1432.29008    -5.96189      32355.      30146.      1.110    47
  339       1426.55462    -6.01166      31263.      29195.      1.125    46
  340       1420.86491    -5.96887      32217.      30040.      1.110    47
  341       1415.22041    -5.95767      32483.      30280.      1.110    47
  342       1409.62058    -5.98289      31928.      29800.      1.125    46
  343       1404.06489    -5.97181      32186.      30034.      1.110    47
  344       1398.55282    -5.97945      32030.      29903.      1.125    46
  345       1393.08385    -5.97975      32036.      29916.      1.125    46
  346       1387.65750    -5.95754      32543.      30368.      1.110    47
  347       1382.27325    -5.95723      32563.      30392.      1.110    47
  348       1376.93063    -5.96091      32493.      30338.      1.110    47
  349       1371.62914    -5.95572      32622.      30458.      1.110    47
  350       1366.36832    -5.96173      32502.      30359.      1.110    47
  351       1361.14771    -5.95956      32564.      30420.      1.110    47
  352       1355.96683    -5.95971      32574.      30437.      1.110    47
  353       1350.82525    -5.95394      32717.      30569.      1.110    47
  354       1345.72251    -5.96421      32504.      30388.      1.110    47
  355       1340.65817    -5.95447      32734.      30597.      1.110    47
  356       1335.63181    -5.95391      32761.      30628.      1.110    47
  357       1330.64300    -5.95398      32775.      30646.      1.110    47
  358       1325.69132    -5.95466      32775.      30653.      1.110    47
  359       1320.77636    -5.95762      32726.      30616.      1.110    47
  360       1315.89770    -5.95941      32703.      30603.      1.110    47
  361       1311.05495    -5.95874      32734.      30636.      1.110    47
  362       1306.24772    -5.95711      32786.      30689.      1.110    47
  363       1301.47561    -5.95733      32798.      30705.      1.110    47
  364       1296.73824    -5.95630      32837.      30747.      1.110    47
  365       1292.03524    -5.95263      32933.      30838.      1.110    47
  366       1287.36622    -5.95690      32858.      30778.      1.110    47
  367       1282.73083    -5.95576      32900.      30822.      1.110    47
  368       1278.12870    -5.95598      32914.      30840.      1.110    47
  369       1273.55948    -5.95453      32962.      30889.      1.110    47
  370       1269.02281    -5.96463      32766.      30722.      1.110    47
  371       1264.51834    -5.95395      33012.      30945.      1.110    47
  372       1260.04574    -5.95416      33026.      30963.      1.110    47
  373       1255.60466    -5.96400      32836.      30802.      1.110    47
  374       1251.19479    -5.96021      32935.      30896.      1.110    47
  375       1246.81578    -5.96575      32839.      30816.      1.110    47
  376       1242.46731    -5.96617      32850.      30832.      1.110    47
  377       1238.14907    -5.96908      32810.      30802.      1.110    47
  378       1233.86075    -5.95275      33171.      31128.      1.088    48
  379       1229.60202    -5.96142      33009.      30991.      1.110    47
  380       1225.37260    -5.96521      32951.      30945.      1.110    47
  381       1221.17216    -5.96570      32961.      30961.      1.110    47
  382       1217.00043    -5.99381      32413.      30479.      1.110    47
  383       1212.85711    -5.96214      33077.      31075.      1.110    47
  384       1208.74190    -5.96105      33120.      31119.      1.110    47
  385       1204.65452    -5.96150      33132.      31136.      1.088    48
  386       1200.59469    -5.96525      33077.      31092.      1.110    47
  387       1196.56213    -5.96248      33155.      31167.      1.110    47
  388       1192.55658    -5.96297      33167.      31184.      1.088    48
  389       1188.57775    -5.95496      33353.      31355.      1.088    48
  390       1184.62538    -5.96724      33124.      31157.      1.088    48
  391       1180.69921    -5.96565      33179.      31211.      1.088    48
  392       1176.79898    -5.96620      33190.      31227.      1.088    48
  393       1172.92443    -6.01686      32219.      30367.      1.088    48
  394       1169.07531    -5.97192      33121.      31176.      1.088    48
  395       1165.25137    -5.95840      33416.      31445.      1.088    48
  396       1161.45237    -5.95884      33430.      31463.      1.088    48
  397       1157.67806    -5.96663      33296.      31349.      1.088    48
  398       1153.92819    -5.96383      33376.      31425.      1.088    48
  399       1150.20254    -5.96437      33389.      31442.      1.088    48
  400       1146.50088    -5.95967      33506.      31552.      1.088    48
  401       1142.82296    -5.96412      33441.      31499.      1.088    48
  402       1139.16856    -5.96457      33456.      31518.      1.088    48
  403       1135.53746    -5.96651      33441.      31510.      1.088    48
  404       1131.92944    -5.96634      33469.      31540.      1.088    48
  405       1128.34427    -5.98091      33207.      31312.      1.088    48
  406       1124.78174    -5.98165      33217.      31326.      1.088    48
  407       1121.24163    -5.97112      33448.      31538.      1.088    48
  408       1117.72374    -5.96251      33642.      31716.      1.088    48
  409       1114.22785    -5.96304      33656.      31734.      1.088    48
  410       1110.75377    -5.97462      33454.      31559.      1.088    48
  411       1107.30128    -5.96911      33587.      31683.      1.088    48
  412       1103.87018    -5.96971      33600.      31700.      1.088    48
  413       1100.46029    -5.96440      33730.      31820.      1.088    48
  414       1097.07139    -5.96648      33714.      31812.      1.088    48
  415       1093.70331    -5.96700      33729.      31831.      1.088    48
  416       1090.35584    -5.97165      33665.      31778.      1.088    48
  417       1087.02880    -5.98203      33491.      31627.      1.088    48
  418       1083.72200    -5.98274      33503.      31643.      1.088    48
  419       1080.43526    -5.97488      33680.      31807.      1.088    48
  420       1077.16840    -5.97252      33752.      31876.      1.088    48
  421       1073.92123    -5.97314      33766.      31893.      1.088    48
  422       1070.69358    -5.97274      33800.      31929.      1.088    48
  423       1067.48527    -5.97045      33870.      31997.      1.088    48
  424       1064.29613    -5.97103      33886.      32016.      1.088    48
  425       1061.12600    -5.98001      33741.      31891.      1.088    48
  426       1057.97469    -5.97181      33924.      32060.      1.088    48
  427       1054.84204    -5.97241      33939.      32078.      1.088    48
  428       1051.72789    -5.96771      34056.      32188.      1.088    48
  429       1048.63207    -5.96689      34099.      32231.      1.088    48
  430       1045.55443    -5.96741      34115.      32251.      1.088    48
  431       1042.49480    -5.97288      34038.      32187.      1.088    48
  432       1039.45302    -5.98931      33757.      31938.      1.088    48
  433       1036.42894    -5.99016      33768.      31954.      1.088    48
  434       1033.42240    -5.98549      33883.      32061.      1.088    48
  435       1030.43326    -5.98626      33897.      32078.      1.088    48
  436       1027.46136    -6.00678      33547.      31768.      1.088    48
  437       1024.50656    -5.99219      33842.      32039.      1.088    48
  438       1021.56870    -5.99304      33855.      32055.      1.088    48
  439       1018.64764    -5.99196      33903.      32102.      1.088    48
  440       1015.74324    -5.98989      33969.      32167.      1.088    48
  441       1012.85535    -5.99073      33982.      32183.      1.088    48
  442       1009.98384    -6.00978      33663.      31900.      1.088    48
  443       1007.12856    -6.01083      33673.      31914.      1.088    48
  444       1004.28938    -6.01497      33628.      31877.      1.088    48
  445       1001.46617    -5.99635      33993.      32211.      1.088    48
  446        998.65878    -5.99726      34005.      32226.      1.088    48
  447        995.86709    -6.02067      33613.      31877.      1.088    48
  448        993.09097    -6.05541      33037.      31361.      1.088    48
  449        990.33028    -6.05677      33044.      31372.      1.088    48
  450        987.58489    -6.00950      33900.      32149.      1.088    48
  451        984.85469    -6.01054      33911.      32163.      1.088    48
  452        982.13953    -6.01809      33806.      32073.      1.088    48
  453        979.43931    -6.06344      33051.      31395.      1.088    48
  454        976.75390    -6.06483      33057.      31405.      1.088    48
  455        974.08317    -6.03864      33535.      31841.      1.088    48
  456        971.42700    -6.03990      33544.      31853.      1.088    48
  457        968.78528    -6.00603      34169.      32422.      1.088    48
  458        966.15790    -5.99460      34403.      32638.      1.088    48
  459        963.54472    -5.99548      34417.      32655.      1.088    48
  460        960.94564    -5.99588      34440.      32679.      1.088    48
  461        958.36054    -5.99674      34454.      32696.      1.088    48
  462        955.78932    -5.99342      34543.      32781.      1.088    48
  463        953.23186    -5.99422      34558.      32799.      1.088    48
  464        950.68804    -6.02346      34071.      32362.      1.088    48
  465        948.15777    -6.00890      34356.      32625.      1.088    48
  466        945.64093    -6.00989      34369.      32641.      1.088    48
  467        943.13742    -6.00985      34400.      32673.      1.088    48
  468        940.64712    -6.01083      34413.      32689.      1.088    48
  469        938.16995    -6.02313      34228.      32525.      1.088    48
  470        935.70578    -6.01647      34375.      32662.      1.088    48
  471        933.25453    -6.01749      34387.      32678.      1.088    48
  472        930.81609    -6.03303      34149.      32466.      1.088    48
  473        928.39035    -6.03423      34159.      32479.      1.088    48
  474        925.97723    -6.09682      33149.      31566.      1.088    48
  475        923.57662    -6.09843      33154.      31575.      1.088    48
  476        921.18842    -6.14583      32440.      30929.      1.110    47
  477        918.81254    -6.14469      32490.      30978.      1.088    48
  478        916.44889    -6.14650      32494.      30985.      1.088    48
  479        914.09736    -6.14832      32498.      30993.      1.088    48
  480        911.75787    -6.15015      32502.      31000.      1.088    48
  481        911.75372    -6.27231      30734.      29385.      1.125    46
  482        911.39619    -6.27261      30735.      29386.      1.125    46
  483        911.39203    -6.28032      30630.      29290.      1.134    45
  484        909.88665    -6.26513      30859.      29502.      1.125    46
  485        908.38623    -6.26637      30863.      29508.      1.125    46
  486        906.89075    -6.26761      30868.      29514.      1.125    46
  487        905.40019    -6.28513      30650.      29317.      1.134    45
  488        902.43371    -6.28781      30656.      29327.      1.134    45
  489        899.48661    -6.29807      30561.      29244.      1.125    46
  490        893.64978    -6.28332      30846.      29513.      1.125    46
  491        887.88821    -6.28409      30921.      29590.      1.125    46
  492        882.20046    -6.31988      30531.      29240.      1.125    46
  493        876.58511    -6.30186      30855.      29545.      1.060    49
  494        871.04080    -6.33133      30555.      29277.      1.060    49
  495        865.56618    -6.32200      30762.      29475.      1.060    49
  496        860.15995    -6.33503      30680.      29407.      1.060    49
  497        854.82084    -6.34509      30637.      29375.      1.060    49
  498        849.54759    -6.33698      30828.      29558.      1.060    49
  499        844.33901    -6.33719      30912.      29643.      1.060    49
  500        839.19391    -6.35654      30752.      29503.      1.060    49
  501        834.11113    -6.43169      29917.      28739.      1.110    47
  502        829.08955    -6.34376      31089.      29827.      1.060    49
  503        824.12807    -6.35475      31036.      29785.      1.110    47
  504        819.22562    -6.36755      30962.      29724.      1.110    47
  505        814.38115    -6.36693      31057.      29818.      1.110    47
  506        809.59364    -6.36319      31191.      29949.      1.110    47
  507        804.86208    -6.38218      31041.      29818.      1.110    47
  508        800.18552    -6.39920      30919.      29712.      1.110    47
  509        795.56298    -6.38654      31162.      29943.      1.125    46
  510        790.99355    -6.38850      31225.      30008.      1.110    47
  511        786.47630    -6.43144      30793.      29614.      1.110    47
  512        782.01036    -6.42560      30949.      29766.      1.125    46
  513        777.59485    -6.41619      31150.      29957.      1.125    46
  514        773.22892    -6.42891      31085.      29904.      1.125    46
  515        768.91175    -6.41347      31357.      30162.      1.125    46
  516        764.64251    -6.48047      30656.      29519.      1.110    47
  517        760.42042    -6.43416      31284.      30107.      1.125    46
  518        756.24471    -6.43996      31302.      30130.      1.125    46
  519        752.11460    -6.45766      31182.      30024.      1.125    46
  520        748.02936    -6.46421      31192.      30040.      1.134    45
  521        743.98826    -6.45276      31413.      30251.      1.125    46
  522        739.99058    -6.44787      31558.      30391.      1.125    46
  523        736.03564    -6.46313      31466.      30312.      1.134    45
  524        732.12275    -6.46988      31475.      30326.      1.134    45
  525        728.25124    -6.50028      31214.      30089.      1.134    45
  526        724.42046    -6.49320      31381.      30251.      1.134    45
  527        720.62978    -6.50288      31358.      30235.      1.134    45
  528        716.87855    -6.46979      31824.      30674.      1.134    45
  529        713.16618    -6.50050      31559.      30433.      1.134    45
  530        709.49206    -6.53796      31226.      30128.      1.134    45
  531        705.85561    -6.54164      31272.      30177.      1.134    45
  532        702.25624    -6.66265      30078.      29068.      1.134    45
  533        698.69339    -6.51025      31796.      30675.      1.134    45
  534        695.16651    -6.59292      30975.      29916.      1.134    45
  535        691.67506    -6.59666      31022.      29964.      1.134    45
  536        688.21850    -6.60255      31045.      29991.      1.134    45
  537        684.79632    -6.69214      30209.      29215.      1.134    45
  538        681.40801    -6.64976      30724.      29701.      1.134    45
  539        678.05306    -6.64664      30842.      29816.      1.134    45
  540        674.73099    -6.58735      31552.      30484.      1.134    45
  541        671.44130    -6.60566      31442.      30387.      1.134    45
  542        668.18355    -6.61439      31436.      30386.      1.134    45
  543        664.95725    -6.64809      31170.      30142.      1.134    45
  544        661.76196    -6.72254      30504.      29523.      1.134    45
  545        658.59723    -6.68608      30953.      29948.      1.134    45
  546        655.46262    -6.69783      30919.      29922.      1.134    45
  547        652.35771    -6.73971      30590.      29617.      1.134    45
  548        649.28208    -6.70826      30985.      29992.      1.134    45
  549        646.23531    -6.74188      30738.      29765.      1.134    45
  550        643.21701    -6.65005      31747.      30715.      1.134    45
  551        640.22677    -6.71227      31199.      30206.      1.134    45
  552        637.26420    -6.79428      30487.      29542.      1.134    45
  553        634.32892    -6.79755      30540.      29596.      1.134    45
  554        631.42056    -6.81708      30440.      29506.      1.134    45
  555        628.53875    -6.76639      31006.      30042.      1.134    45
  556        625.68312    -6.81431      30633.      29696.      1.134    45
  557        622.85332    -6.73351      31495.      30510.      1.134    45
  558        620.04901    -6.74855      31432.      30455.      1.134    45
  559        617.26983    -6.83040      30733.      29802.      1.134    45
  560        614.51546    -6.88839      30284.      29384.      1.134    45
  561        611.78556    -6.96682      29675.      28814.      1.134    45
  562        609.07980    -6.91726      30191.      29304.      1.134    45
  563        606.39787    -6.92505      30204.      29320.      1.134    45
  564        603.73946    -6.82423      31207.      30268.      1.134    45
  565        601.10426    -6.97280      29951.      29089.      1.134    45
  566        598.49196    -7.06030      29295.      28473.      1.140    44
  567        595.90226    -6.98434      30015.      29156.      1.134    45
  568        593.33488    -6.99195      30031.      29175.      1.134    45
  569        590.78953    -6.86262      31263.      30340.      1.134    45
  570        588.26593    -6.88846      31108.      30198.      1.134    45
  571        585.76379    -7.00163      30192.      29337.      1.134    45
  572        583.28285    -7.07284      29676.      28853.      1.140    44
  573        580.82283    -7.06178      29847.      29019.      1.140    44
  574        578.38348    -6.96268      30772.      29896.      1.134    45
  575        575.96453    -6.98914      30623.      29759.      1.134    45
  576        573.56573    -6.96744      30893.      30017.      1.134    45
  577        571.18683    -6.93801      31234.      30343.      1.134    45
  578        568.82758    -6.94540      31250.      30361.      1.134    45
  579        566.48774    -7.02487      30639.      29788.      1.134    45
  580        564.16707    -7.03593      30626.      29779.      1.134    45
  581        561.86534    -7.00326      30986.      30122.      1.134    45
  582        559.58231    -7.01543      30961.      30103.      1.134    45
  583        557.31776    -7.12183      30154.      29342.      1.140    44
  584        555.07146    -7.23579      29335.      28569.      1.134    45
  585        552.84320    -7.24982      29306.      28545.      1.140    44
  586        550.63276    -7.13534      30282.      29473.      1.140    44
  587        548.43993    -7.14345      30295.      29488.      1.140    44
  588        546.26449    -7.21925      29775.      28998.      1.140    44
  589        544.10624    -7.22337      29821.      29045.      1.140    44
  590        541.96497    -7.38267      28713.      27995.      1.140    44
  591        539.84050    -7.28498      29506.      28752.      1.140    44
  592        537.73261    -7.26282      29751.      28987.      1.140    44
  593        535.64113    -7.24423      29971.      29199.      1.140    44
  594        533.56584    -7.25255      29984.      29215.      1.140    44
  595        531.50658    -7.15479      30833.      30022.      1.140    44
  596        529.46315    -7.39695      29067.      28349.      1.140    44
  597        527.43538    -7.21280      30526.      29738.      1.140    44
  598        525.42307    -7.21048      30622.      29832.      1.140    44
  599        523.42607    -7.43478      29025.      28317.      1.140    44
  600        521.44418    -7.44384      29037.      28331.      1.140    44
  601        519.47725    -7.24956      30548.      29770.      1.140    44
  602        517.52510    -7.28421      30359.      29593.      1.140    44
  603        515.58757    -7.29409      30360.      29597.      1.134    45
  604        513.66449    -7.19696      31195.      30393.      1.134    45
  605        511.75571    -7.29305      30521.      29756.      1.134    45
  606        509.86105    -7.30108      30536.      29773.      1.134    45
  607        507.98038    -7.48722      29257.      28558.      1.140    44
  608        506.11353    -7.33363      30443.      29689.      1.134    45
  609        504.26034    -7.53282      29091.      28405.      1.140    44
  610        504.25907    -7.71012      27929.      27296.      1.134    45
  611        503.42018    -7.71526      27930.      27298.      1.134    45
  612        502.58407    -7.68087      28180.      27538.      1.134    45
  613        501.75073    -7.68579      28182.      27541.      1.134    45
  614        500.92015    -7.69071      28184.      27543.      1.134    45
  615        499.26722    -7.78150      27682.      27066.      1.134    45
  616        497.62515    -7.73928      28008.      27380.      1.134    45
  617        494.37322    -7.70156      28377.      27737.      1.140    44
  618        491.16352    -7.79910      27899.      27283.      1.134    45
  619        487.99522    -7.82197      27888.      27277.      1.134    45
  620        484.86754    -7.90470      27522.      26930.      1.134    45
  621        481.77969    -7.88800      27748.      27150.      1.134    45
  622        478.73092    -7.78649      28493.      27867.      1.140    44
  623        475.72050    -7.86954      28113.      27508.      1.140    44
  624        472.74770    -7.89738      28074.      27473.      1.140    44
  625        469.81183    -8.05000      27317.      26751.      1.134    45
  626        466.91219    -7.96434      27931.      27344.      1.140    44
  627        464.04813    -8.03401      27656.      27083.      1.134    45
  628        461.21899    -7.94319      28307.      27711.      1.140    44
  629        458.42414    -7.99714      28116.      27532.      1.140    44
  630        455.66295    -7.96625      28421.      27828.      1.140    44
  631        452.93483    -7.96838      28534.      27939.      1.140    44
  632        450.23918    -8.03601      28264.      27684.      1.140    44
  633        447.57543    -8.12034      27909.      27346.      1.140    44
  634        444.94301    -8.07356      28295.      27720.      1.140    44
  635        442.34138    -8.06832      28447.      27870.      1.140    44
  636        439.76999    -8.06491      28590.      28010.      1.140    44
  637        437.22833    -8.14494      28258.      27695.      1.140    44
  638        434.71588    -8.10102      28627.      28052.      1.140    44
  639        432.23213    -8.00215      29326.      28726.      1.140    44
  640        429.77661    -8.25566      28011.      27466.      1.140    44
  641        427.34883    -8.23926      28219.      27669.      1.140    44
  642        424.94832    -8.15628      28799.      28230.      1.140    44
  643        422.57464    -8.12958      29071.      28494.      1.140    44
  644        420.22732    -8.16265      29003.      28433.      1.140    44
  645        417.90593    -8.30155      28356.      27813.      1.140    44
  646        415.61006    -8.24879      28762.      28206.      1.140    44
  647        413.33927    -8.12272      29593.      29008.      1.145    43
  648        411.09316    -8.33910      28507.      27968.      1.140    44
  649        408.87133    -8.42206      28186.      27661.      1.140    44
  650        406.67338    -8.43418      28239.      27715.      1.140    44
  651        404.49894    -8.39044      28584.      28050.      1.140    44
  652        402.34763    -8.42633      28511.      27982.      1.140    44
  653        400.21908    -8.38982      28819.      28282.      1.140    44
  654        398.11294    -8.43419      28700.      28170.      1.140    44
  655        396.02885    -8.61526      27893.      27394.      1.140    44
  656        393.96646    -8.57017      28230.      27722.      1.140    44
  657        391.92544    -8.72016      27607.      27123.      1.140    44
  658        389.90546    -8.60152      28298.      27793.      1.140    44
  659        387.90620    -8.78059      27540.      27064.      1.140    44
  660        385.92733    -8.80291      27545.      27071.      1.140    44
  661        383.96855    -8.87237      27332.      26867.      1.140    44
  662        382.02956    -8.86547      27472.      27005.      1.140    44
  663        380.11005    -8.91022      27375.      26914.      1.140    44
  664        378.20973    -8.98910      27126.      26676.      1.140    44
  665        376.32832    -8.86345      27806.      27335.      1.140    44
  666        374.46553    -9.05315      27056.      26612.      1.140    44
  667        372.62109    -8.88098      27940.      27469.      1.145    43
  668        370.79474    -8.98263      27581.      27125.      1.145    43
  669        368.98620    -9.16453      26888.      26456.      1.140    44
  670        367.19522    -9.07318      27389.      26943.      1.140    44
  671        365.42154    -9.08033      27462.      27016.      1.140    44
  672        363.66491    -9.05876      27663.      27212.      1.145    43
  673        361.92509    -9.25428      26921.      26496.      1.140    44
  674        360.20184    -9.40903      26388.      25981.      1.140    44
  675        358.49492    -9.51980      26050.      25656.      1.140    44
  676        356.80410    -9.39269      26655.      26244.      1.140    44
  677        355.12916    -9.41770      26655.      26246.      1.140    44
  678        353.46986    -9.62174      25954.      25567.      1.134    45
  679        351.82601    -9.62690      26032.      25645.      1.145    43
  680        350.19737    -9.61028      26194.      25804.      1.134    45
  681        348.58373    -9.61859      26260.      25870.      1.134    45
  682        346.98491    -9.60178      26423.      26030.      1.140    44
  683        345.40068    -9.74642      25970.      25592.      1.134    45
  684        343.83085    -9.84753      25694.      25325.      1.145    43
  685        342.27523    -9.87478      25690.      25323.      1.145    43
  686        340.73361    -9.78955      26098.      25721.      1.140    44
  687        339.20583    -9.84034      26006.      25633.      1.140    44
  688        337.69168    -9.91183      25840.      25474.      1.134    45
  689        336.19099   -10.04563      25459.      25105.      1.145    43
  690        334.70358    -9.94835      25897.      25532.      1.140    44
  691        333.22928    -9.97511      25895.      25532.      1.140    44
  692        331.76790   -10.03189      25786.      25428.      1.134    45
  693        330.31929   -10.40383      24626.      24300.      1.148    42
  694        328.88327   -10.43179      24626.      24302.      1.148    42
  695        327.45969   -10.32113      25074.      24739.      1.145    43
  696        326.04837   -10.43860      24782.      24456.      1.148    42
  697        324.64917   -10.34655      25170.      24836.      1.145    43
  698        323.26192   -10.34948      25250.      24915.      1.145    43
  699        321.88648   -10.39217      25199.      24867.      1.145    43
  700        320.52270   -10.37497      25344.      25010.      1.145    43
  701        319.17042   -10.31089      25647.      25306.      1.140    44
  702        317.82951   -10.46618      25224.      24895.      1.145    43
  703        316.49981   -10.59394      24904.      24585.      1.148    42
  704        315.18120   -10.64876      24820.      24504.      1.148    42
  705        313.87353   -10.70611      24729.      24417.      1.148    42
  706        312.57666   -10.73496      24726.      24416.      1.148    42
  707        311.29047   -10.83445      24511.      24206.      1.148    42
  708        310.01481   -10.75887      24824.      24514.      1.148    42
  709        308.74957   -10.66323      25206.      24888.      1.145    43
  710        307.49462   -10.54807      25660.      25331.      1.140    44
  711        306.24982   -10.78172      25010.      24699.      1.145    43
  712        305.01507   -10.72026      25286.      24968.      1.145    43
  713        303.79023   -10.91424      24778.      24475.      1.145    43
  714        302.57519   -10.83322      25107.      24797.      1.145    43
  715        301.36982   -10.86171      25105.      24796.      1.145    43
  716        300.17403   -10.99845      24779.      24479.      1.148    42
  717        298.98768   -11.37204      23804.      23528.      1.150    41
  718        297.81068   -11.30644      24064.      23783.      1.148    42
  719        296.64291   -11.33135      24076.      23796.      1.148    42
  720        295.48426   -11.45840      23810.      23538.      1.150    41
  721        294.33462   -11.40437      24036.      23759.      1.148    42
  722        293.19390   -11.43459      24033.      23758.      1.148    42
  723        292.06198   -11.43979      24099.      23823.      1.148    42
  724        290.93877   -11.50599      23999.      23726.      1.148    42
  725        289.82417   -11.48593      24132.      23857.      1.145    43
  726        288.71807   -11.52842      24096.      23824.      1.148    42
  727        287.62039   -11.60072      23982.      23713.      1.148    42
  728        286.53102   -11.58035      24114.      23843.      1.145    43
  729        285.44987   -11.60930      24115.      23845.      1.145    43
  730        284.37685   -11.66518      24045.      23778.      1.148    42
  731        283.31186   -11.78013      23823.      23561.      1.150    41
  732        282.25483   -11.79672      23857.      23596.      1.148    42
  733        281.20565   -11.86091      23769.      23511.      1.150    41
  734        280.16424   -11.93437      23660.      23404.      1.150    41
  735        279.13052   -12.01662      23530.      23278.      1.152    40
  736        278.10439   -12.00239      23640.      23387.      1.150    41
  737        277.08579   -12.15876      23331.      23086.      1.152    40
  738        276.07462   -12.15208      23422.      23175.      1.152    40
  739        275.07080   -12.18370      23419.      23173.      1.152    40
  740        274.07425   -12.08747      23728.      23476.      1.148    42
  741        273.08490   -12.09162      23792.      23540.      1.148    42
  742        272.10267   -12.26324      23448.      23204.      1.150    41
  743        271.12748   -12.19255      23692.      23444.      1.148    42
  744        270.15925   -12.22367      23690.      23443.      1.148    42
  745        269.19791   -12.27155      23647.      23402.      1.150    41
  746        268.24339   -12.34240      23550.      23308.      1.150    41
  747        267.29562   -12.42901      23418.      23179.      1.152    40
  748        266.35452   -12.46064      23415.      23177.      1.152    40
  749        265.42002   -12.31343      23837.      23591.      1.145    43
  750        264.49206   -12.44706      23591.      23351.      1.150    41
  751        263.57056   -12.57439      23366.      23131.      1.152    40
  752        262.65546   -12.57583      23433.      23198.      1.150    41
  753        261.74670   -12.57682      23502.      23266.      1.152    40
  754        260.84420   -12.50464      23741.      23502.      1.161    33
  755        259.94790   -12.50892      23803.      23562.      1.161    35
  756        259.05774   -12.51126      23868.      23628.      1.159    36
  757        258.17366   -12.67365      23561.      23327.      1.163    32
  758        257.29559   -12.71390      23539.      23307.      1.163    32
  759        256.42348   -12.77968      23459.      23229.      1.164    31
  760        255.55725   -12.81113      23458.      23229.      1.164    31
  761        254.69686   -12.84465      23452.      23223.      1.164    31
  762        253.84224   -12.84789      23514.      23285.      1.163    32
  763        252.99334   -12.87465      23523.      23294.      1.163    32
  764        252.15010   -12.90793      23517.      23290.      1.163    32
  765        251.31246   -13.00524      23370.      23146.      1.166    30
  766        250.48037   -13.00111      23447.      23223.      1.163    32
  767        249.65377   -13.00340      23510.      23285.      1.166    30
  768        248.83260   -13.03696      23504.      23280.      1.166    30
  769        248.01682   -13.11964      23391.      23170.      1.166    30
  770        247.20638   -13.12281      23452.      23230.      1.166    30
  771        246.40121   -13.19185      23369.      23150.      1.166    30
  772        245.60127   -13.22414      23367.      23148.      1.166    30
  773        244.80650   -13.22672      23428.      23209.      1.169    29
  774        244.01687   -13.23019      23487.      23268.      1.166    30
  775        243.23231   -13.26194      23486.      23267.      1.166    30
  776        242.45278   -13.32511      23417.      23200.      1.166    30
  777        241.67823   -13.33247      23467.      23250.      1.164    31
  778        240.90862   -13.36569      23463.      23246.      1.164    31
  779        240.14389   -13.37161      23516.      23300.      1.163    32
  780        239.38400   -13.41133      23498.      23282.      1.164    31
  781        238.62890   -13.45219      23477.      23262.      1.166    30
  782        237.87855   -13.48592      23471.      23258.      1.166    30
  783        237.13291   -13.57076      23360.      23148.      1.166    30
  784        236.39192   -13.43203      23716.      23499.      1.191    26
  785        235.65556   -13.46645      23708.      23492.      1.191    26
  786        234.92376   -13.50219      23698.      23482.      1.191    26
  787        234.19650   -13.57531      23609.      23396.      1.191    26
  788        233.47373   -13.61031      23601.      23388.      1.191    26
  789        232.75540   -13.61037      23665.      23452.      1.191    26
  790        232.04148   -13.83313      23273.      23067.      1.213    25
  791        231.33193   -13.86817      23265.      23061.      1.213    25
  792        230.62670   -13.76815      23531.      23323.      1.191    26
  793        229.92576   -13.73971      23653.      23443.      1.191    26
  794        229.22906   -13.77447      23645.      23436.      1.191    26
  795        228.53658   -13.77791      23702.      23492.      1.191    26
  796        227.84827   -14.23605      22858.      22664.      1.235    24
  797        227.84801   -17.79668      17627.      17511.    101.727     3
  798        223.88051   -17.87157      17827.      17711.    101.727     3
  799        220.04882   -18.21769      17720.      17607.    101.727     3
  800        216.34608   -18.56807      17614.      17504.    101.727     3
  801        212.76588   -18.92369      17508.      17401.    101.727     3
  802        205.94959   -19.59857      17345.      17244.    101.727     3
  803        199.55648   -20.25542      17214.      17117.    101.727     3
  804        187.89140   -21.40599      17126.      17036.    101.727     3
  805        177.51476   -22.16412      17382.      17294.    101.727     3
  806        168.22427   -22.48031      17999.      17909.     68.361     4
  807        159.85789   -22.86074      18539.      18449.     68.361     4
  808        152.28425   -23.38442      18934.      18845.     68.361     4
  809        145.39579   -23.84529      19366.      19276.     68.361     4
  810        139.10355   -24.33105      19758.      19669.     68.361     4
  811        133.33333   -24.85029      20105.      20016.     68.361     4
  812        123.07692   -25.94973      20711.      20624.     51.678     5
  813        114.28571   -27.18376      21156.      21072.     51.678     5
  814        106.66667   -28.50270      21495.      21414.     51.678     5
  815        100.00000   -29.89519      21750.      21672.     34.995     6
   1.12577402655839     
 
   L        R        TAUR       FLUX-ERROR  
  1   135.09288     0.00000    -0.00446
  2   132.39103    -7.48484    -0.00446
  3   101.72677    -6.26409    -0.00446
  4    68.36066    -5.77586    -0.00445
  5    51.67761    -5.56020    -0.00445
  6    34.99455    -5.30483    -0.00443
  7    18.31149    -4.91372    -0.00423
  8     9.96997    -4.59669    -0.00375
  9     5.79920    -4.32601    -0.00265
 10     4.75651    -4.23659    -0.00395
 11     3.71382    -4.11621    -0.00315
 12     3.19247    -4.03994    -0.00368
 13     2.67113    -3.94305    -0.00284
 14     2.41046    -3.88441    -0.00368
 15     2.14978    -3.81425    -0.00314
 16     1.88911    -3.72649    -0.00198
 17     1.75877    -3.67380    -0.00337
 18     1.62844    -3.61104    -0.00275
 19     1.61717    -3.60510    -0.00444
 20     1.59537    -3.59327    -0.00439
 21     1.55447    -3.56976    -0.00419
 22     1.48235    -3.52304    -0.00345
 23     1.37007    -3.42934    -0.00006
 24     1.23474    -3.22295     0.01216
 25     1.21282    -3.17656    -0.00320
 26     1.19091    -3.11185    -0.00236
 27     1.17995    -3.06676    -0.00350
 28     1.17447    -3.03756    -0.00410
 29     1.16899    -2.99839    -0.00393
 30     1.16625    -2.97241    -0.00426
 31     1.16351    -2.93657    -0.00417
 32     1.16252    -2.91972    -0.00440
 33     1.16078    -2.87601    -0.00421
 34     1.16071    -2.87406    -0.00446
 35     1.16057    -2.86928    -0.00446
 36     1.15893    -2.80201    -0.00426
 37     1.15767    -2.73443    -0.00434
 38     1.15566    -2.59554    -0.00415
 39     1.15399    -2.45603    -0.00423
 40     1.15175    -2.24257    -0.00403
 41     1.14964    -2.02850    -0.00398
 42     1.14754    -1.81339    -0.00384
 43     1.14535    -1.59719    -0.00359
 44     1.14035    -1.15601    -0.00193
 45     1.13370    -0.71718     0.00051
 46     1.12479    -0.30614     0.00583
 47     1.11024     0.14072    -0.00046
 48     1.08833     0.58116    -0.00044
 49     1.05990     1.00655    -0.00695
 50     1.02921     1.41733    -0.00788
 51     1.00000     1.81593    -0.00301
