# (f_jk=N_jk/N_k)

# i =    1 wne = 0.1077E-03 T_e =  12000. dilfac = 0.1000E+01
   1   1.506E-12   1.00       0.00       0.00       0.00       0.00       0.00       0.00       0.00    
   2   1.551E-08   1.00      4.782E-06   0.00       0.00       0.00       0.00       0.00       0.00    
   3    0.00       0.00       0.00       0.00       0.00       0.00       0.00       0.00       0.00    
   4    0.00       0.00       0.00       0.00       0.00       0.00       0.00       0.00       0.00    
   5    0.00       0.00       0.00       0.00       0.00       0.00       0.00       0.00       0.00    
   6   2.074E-20  1.505E-07  0.990      1.028E-02  2.871E-12  8.282-159   0.00       0.00       0.00    
   7   6.341E-18  6.472E-06  0.999      1.343E-03  5.297E-18  1.394E-41  2.576-255   0.00       0.00    
   8   6.746E-16  4.004E-04   1.00      3.620E-06  1.265E-21  2.501E-51  8.356E-92   0.00       0.00    
   9   3.162E-14  1.629E-03  0.998      7.266E-09  7.254E-28  8.602E-59  1.158-106   0.00       0.00    
  10   4.053E-11  0.146      0.854      4.309E-10  1.011E-32  3.505E-68  1.821-117   0.00       0.00    
  11   5.734E-16  0.947      5.275E-02  4.361E-14  3.789E-38  3.465E-78  2.026-133   0.00       0.00    
  12   1.401E-26  6.298E-12   1.00      9.014E-16  1.128E-43  1.588E-85  7.678-146   0.00       0.00    
  13   5.204E-31  1.693E-16  2.611E-06   1.00      1.650E-32  4.253E-79  1.287-141   0.00       0.00    
  14   4.122E-29  5.363E-15  8.347E-05  0.964      3.616E-02  1.342E-53  9.290-122   0.00       0.00    
  15   7.751E-28  1.955E-14  4.091E-05   1.00      3.633E-04  6.077E-14  6.276E-88   0.00       0.00    
  16   4.541E-25  7.673E-12  1.340E-03  0.997      1.540E-03  7.519E-16  2.679E-35  1.864-135   0.00    
  17   3.020E-22  1.211E-09  4.279E-02  0.957      1.364E-05  5.101E-17  1.685E-39   0.00       0.00    
  18   1.116E-19  1.101E-07  0.313      0.687      7.045E-08  9.262E-22  4.639E-43  5.110E-77  9.394-120
  19   2.001E-21  5.275E-06  0.936      6.365E-02  5.341E-10  1.562E-26  8.482E-51   0.00       0.00    
  20   3.575E-28  5.985E-13  0.999      1.258E-03  8.232E-14  9.135E-32  2.119E-59   0.00       0.00    
  21    0.00       0.00       0.00       0.00       0.00       0.00       0.00       0.00       0.00    
  22   5.539E-33  7.039E-18  2.524E-06  0.955      4.477E-02  6.952E-26   0.00       0.00       0.00    
  23   2.156E-32  2.192E-17  7.548E-06  0.999      1.173E-03  3.265E-14   0.00       0.00       0.00    
  24   1.657E-31  1.330E-16  1.488E-05  0.999      6.637E-04  3.668E-17  2.183E-38   0.00       0.00    
  25   1.182E-30  7.029E-16  5.774E-05   1.00      1.874E-04  1.028E-18  5.449E-42   0.00       0.00    
  26   2.567E-30  1.122E-15  4.960E-05   1.00      2.637E-05  3.887E-19  1.873E-43  1.809E-78  4.442-125
  27   2.510E-29  7.800E-15  2.040E-04   1.00      4.468E-05  5.319E-20  5.694E-45  1.822E-81   0.00    
  28   1.698E-28  3.972E-14  6.295E-04  0.999      5.168E-06  1.555E-20  1.960E-47  2.898E-85  8.338-136
  29   1.240E-27  2.237E-13  1.863E-03  0.998      7.409E-07  1.265E-22  1.531E-48   0.00       0.00    
  30   5.679E-27  7.171E-13  6.944E-03  0.993       0.00       0.00       0.00       0.00       0.00    

# i =    6 wne = 0.7050E-05 T_e =  12000. dilfac = 0.1000E+01
   1   2.302E-11   1.00       0.00       0.00       0.00       0.00       0.00       0.00       0.00    
   2   2.370E-07   1.00      3.129E-07   0.00       0.00       0.00       0.00       0.00       0.00    
   3    0.00       0.00       0.00       0.00       0.00       0.00       0.00       0.00       0.00    
   4    0.00       0.00       0.00       0.00       0.00       0.00       0.00       0.00       0.00    
   5    0.00       0.00       0.00       0.00       0.00       0.00       0.00       0.00       0.00    
   6   4.889E-18  2.322E-06  0.999      6.794E-04  1.242E-14  2.344-162   0.00       0.00       0.00    
   7   1.482E-15  9.901E-05   1.00      8.796E-05  2.271E-20  3.911E-45  4.729-260   0.00       0.00    
   8   1.566E-13  6.084E-03  0.994      2.356E-07  5.386E-24  6.969E-55  1.524E-96   0.00       0.00    
   9   7.215E-12  2.432E-02  0.976      4.647E-10  3.036E-30  2.356E-62  2.075-111   0.00       0.00    
  10   3.071E-09  0.723      0.277      9.151E-12  1.405E-35  3.187E-72  1.084-122   0.00       0.00    
  11   9.216E-15  0.996      3.631E-03  1.965E-16  1.117E-41  6.684E-83  2.558-139   0.00       0.00    
  12   3.271E-24  9.623E-11   1.00      5.899E-17  4.832E-46  4.450E-89  1.408-150   0.00       0.00    
  13   1.857E-27  3.954E-14  3.989E-05   1.00      1.080E-33  1.821E-81  3.605-145   0.00       0.00    
  14   1.520E-25  1.294E-12  1.319E-03  0.996      2.446E-03  5.940E-56  2.691-125   0.00       0.00    
  15   2.765E-24  4.565E-12  6.250E-04  0.999      2.377E-05  2.602E-16  1.758E-91   0.00       0.00    
  16   1.592E-21  1.760E-09  2.012E-02  0.980      9.902E-05  3.164E-18  7.379E-39  3.359-140   0.00    
  17   6.689E-19  1.756E-07  0.406      0.594      5.541E-07  1.356E-19  2.931E-43   0.00       0.00    
  18   7.272E-17  4.693E-06  0.875      0.125      8.418E-10  7.243E-25  2.374E-47  1.711E-82  2.059-126
  19   4.967E-19  8.569E-05  0.995      4.428E-03  2.432E-12  4.653E-30  1.654E-55   0.00       0.00    
  20   8.358E-26  9.156E-12   1.00      8.244E-05  3.530E-16  2.563E-35  3.890E-64   0.00       0.00    
  21    0.00       0.00       0.00       0.00       0.00       0.00       0.00       0.00       0.00    
  22   2.063E-29  1.715E-15  4.025E-05  0.997      3.058E-03  3.107E-28   0.00       0.00       0.00    
  23   7.700E-29  5.124E-15  1.155E-04   1.00      7.687E-05  1.400E-16   0.00       0.00       0.00    
  24   5.915E-28  3.107E-14  2.274E-04   1.00      4.345E-05  1.571E-19  6.121E-42   0.00       0.00    
  25   4.215E-27  1.640E-13  8.817E-04  0.999      1.226E-05  4.398E-21  1.526E-45   0.00       0.00    
  26   9.154E-27  2.618E-13  7.574E-04  0.999      1.725E-06  1.664E-21  5.246E-47  3.316E-83  5.328-131
  27   8.931E-26  1.816E-12  3.109E-03  0.997      2.915E-06  2.272E-22  1.591E-48  3.331E-86   0.00    
  28   6.004E-25  9.191E-12  9.534E-03  0.990      3.352E-07  6.600E-23  5.444E-51  5.268E-90  9.918-142
  29   4.310E-24  5.087E-11  2.773E-02  0.972      4.723E-08  5.275E-25  4.179E-52   0.00       0.00    
  30   1.844E-23  1.523E-10  9.654E-02  0.903       0.00       0.00       0.00       0.00       0.00    

# i =   12 wne = 0.3866E-07 T_e =  15015. dilfac = 0.1000E+01
   1   2.168E-10   1.00       0.00       0.00       0.00       0.00       0.00       0.00       0.00    
   2   2.607E-07   1.00      9.322E-05   0.00       0.00       0.00       0.00       0.00       0.00    
   3    0.00       0.00       0.00       0.00       0.00       0.00       0.00       0.00       0.00    
   4    0.00       0.00       0.00       0.00       0.00       0.00       0.00       0.00       0.00    
   5    0.00       0.00       0.00       0.00       0.00       0.00       0.00       0.00       0.00    
   6   7.940E-17  2.472E-06  0.948      5.212E-02  1.999E-09  3.373-126   0.00       0.00       0.00    
   7   5.427E-15  4.234E-05  0.993      6.764E-03  4.534E-14  1.078E-32  3.617-203   0.00       0.00    
   8   2.079E-13  9.203E-04  0.999      7.595E-05  4.506E-17  1.802E-40  1.344E-72   0.00       0.00    
   9   4.492E-12  3.528E-03  0.996      6.782E-07  7.593E-22  1.951E-46  2.364E-84   0.00       0.00    
  10   8.605E-10  0.102      0.898      5.408E-08  9.959E-26  7.880E-54  4.305E-93   0.00       0.00    
  11   4.115E-13  0.786      0.214      1.001E-10  9.597E-30  2.154E-61  2.167-105   0.00       0.00    
  12   1.069E-21  7.202E-10   1.00      2.596E-12  2.729E-34  1.582E-67  2.206-115   0.00       0.00    
  13   1.579E-25  7.903E-14  2.102E-05   1.00      1.091E-25  1.333E-62  2.327-112   0.00       0.00    
  14   4.333E-24  1.267E-12  2.392E-04  0.892      0.108      2.324E-42  1.623E-96   0.00       0.00    
  15   5.286E-23  5.043E-12  2.313E-04  0.996      3.866E-03  9.892E-11  2.012E-69   0.00       0.00    
  16   5.904E-21  4.113E-10  3.046E-03  0.989      7.494E-03  2.382E-12  1.136E-27  1.955-107   0.00    
  17   7.779E-19  2.038E-08  4.060E-02  0.959      2.130E-04  2.097E-13  4.975E-31   0.00       0.00    
  18   6.828E-17  7.188E-07  0.229      0.771      4.024E-06  5.449E-17  6.900E-34  1.101E-60  1.286E-94
  19   7.662E-18  1.852E-05  0.796      0.204      1.261E-07  1.591E-20  1.084E-39   0.00       0.00    
  20   6.447E-23  1.463E-10  0.987      1.304E-02  2.059E-10  1.592E-24  2.644E-46   0.00       0.00    
  21    0.00       0.00       0.00       0.00       0.00       0.00       0.00       0.00       0.00    
  22   4.024E-27  9.290E-15  2.174E-05  0.905      9.460E-02  1.951E-20   0.00       0.00       0.00    
  23   9.737E-27  1.885E-14  4.962E-05  0.993      6.735E-03  2.976E-11   0.00       0.00       0.00    
  24   4.352E-26  7.507E-14  7.809E-05  0.995      4.764E-03  1.824E-13  2.394E-30   0.00       0.00    
  25   1.866E-25  2.585E-13  1.969E-04  0.998      1.920E-03  1.295E-14  4.944E-33   0.00       0.00    
  26   4.789E-25  4.889E-13  2.410E-04  0.999      4.963E-04  8.226E-15  5.162E-34  8.254E-62  5.586E-99
  27   2.399E-24  1.774E-12  5.973E-04  0.999      4.860E-04  1.378E-15  2.909E-35  3.222E-64   0.00    
  28   1.037E-23  5.603E-12  1.311E-03  0.999      1.118E-04  3.937E-16  3.100E-37  3.495E-67  2.348-107
  29   4.469E-23  1.888E-11  2.775E-03  0.997      2.655E-05  1.238E-17  3.356E-38   0.00       0.00    
  30   1.267E-22  3.963E-11  6.244E-03  0.994       0.00       0.00       0.00       0.00       0.00    

# i =   18 wne = 0.4497E-08 T_e =  19255. dilfac = 0.1000E+01
   1   1.418E-10   1.00       0.00       0.00       0.00       0.00       0.00       0.00       0.00    
   2   2.018E-08  0.858      0.142       0.00       0.00       0.00       0.00       0.00       0.00    
   3    0.00       0.00       0.00       0.00       0.00       0.00       0.00       0.00       0.00    
   4    0.00       0.00       0.00       0.00       0.00       0.00       0.00       0.00       0.00    
   5    0.00       0.00       0.00       0.00       0.00       0.00       0.00       0.00       0.00    
   6   2.233E-19  7.562E-09  3.292E-02  0.967      3.597E-04  9.760E-93   0.00       0.00       0.00    
   7   2.575E-17  3.551E-07  0.209      0.791      4.591E-07  3.148E-19  1.134-149   0.00       0.00    
   8   1.638E-15  1.327E-05  0.875      0.125      6.635E-09  1.159E-24  2.355E-47   0.00       0.00    
   9   1.897E-14  5.078E-05  0.995      4.575E-03  2.353E-12  2.845E-29  2.390E-56   0.00       0.00    
  10   7.617E-13  6.000E-04  0.999      5.345E-04  2.468E-15  7.128E-35  3.105E-63   0.00       0.00    
  11   1.082E-14  6.874E-03  0.993      1.593E-05  5.373E-18  3.510E-40  3.223E-72   0.00       0.00    
  12   1.416E-21  3.826E-10   1.00      3.672E-07  7.982E-22  2.180E-45  3.257E-80   0.00       0.00    
  13   4.975E-27  1.130E-15  1.020E-06   1.00      1.361E-17  6.664E-44  2.315E-80   0.00       0.00    
  14   1.407E-27  2.471E-16  1.311E-07  2.238E-02  0.978      7.561E-30  1.300E-69   0.00       0.00    
  15   8.237E-26  7.629E-15  1.611E-06  0.202      0.798      2.199E-04  1.491E-47   0.00       0.00    
  16   2.213E-24  1.630E-13  9.664E-06  0.199      0.801      9.678E-06  2.509E-15  4.232E-75   0.00    
  17   2.644E-22  1.102E-11  2.404E-04  0.757      0.243      4.165E-06  2.334E-17   0.00       0.00    
  18   9.296E-21  2.338E-10  1.448E-03  0.978      2.020E-02  1.550E-08  1.865E-19  7.381E-38  5.873E-62
  19   8.509E-21  5.561E-09  9.081E-03  0.987      3.645E-03  8.871E-11  2.307E-23   0.00       0.00    
  20   1.104E-23  1.018E-11  6.836E-02  0.931      2.403E-04  5.959E-13  1.662E-27   0.00       0.00    
  21    0.00       0.00       0.00       0.00       0.00       0.00       0.00       0.00       0.00    
  22   9.939E-30  1.233E-17  4.511E-08  3.480E-02  0.965      8.089E-13   0.00       0.00       0.00    
  23   7.718E-29  8.136E-17  4.007E-07  0.197      0.803      3.960E-05   0.00       0.00       0.00    
  24   2.425E-28  2.645E-16  5.902E-07  0.223      0.777      1.186E-06  1.310E-17   0.00       0.00    
  25   1.002E-27  9.716E-16  1.670E-06  0.345      0.655      2.904E-07  2.579E-19   0.00       0.00    
  26   4.300E-27  2.985E-15  3.776E-06  0.563      0.437      4.358E-07  1.068E-19  4.660E-39  7.784E-66
  27   1.494E-26  7.560E-15  7.323E-06  0.636      0.364      1.122E-07  1.321E-20  7.442E-41   0.00    
  28   5.956E-26  2.099E-14  1.552E-05  0.816      0.184      4.497E-08  5.151E-22  6.012E-43  6.198E-72
  29   1.970E-25  5.312E-14  2.790E-05  0.924      7.632E-02  4.944E-09  7.998E-23   0.00       0.00    
  30   4.363E-25  7.997E-14  4.501E-05   1.00       0.00       0.00       0.00       0.00       0.00    

# i =   24 wne = 0.5244E-09 T_e =  22516. dilfac = 0.1000E+01
   1   3.679E-10   1.00       0.00       0.00       0.00       0.00       0.00       0.00       0.00    
   2   4.886E-09  0.261      0.739       0.00       0.00       0.00       0.00       0.00       0.00    
   3    0.00       0.00       0.00       0.00       0.00       0.00       0.00       0.00       0.00    
   4    0.00       0.00       0.00       0.00       0.00       0.00       0.00       0.00       0.00    
   5    0.00       0.00       0.00       0.00       0.00       0.00       0.00       0.00       0.00    
   6   5.173E-20  6.603E-10  3.788E-03  0.982      1.467E-02  4.322E-77   0.00       0.00       0.00    
   7   3.563E-18  2.366E-08  2.679E-02  0.973      6.874E-05  3.544E-14  1.614-124   0.00       0.00    
   8   3.712E-16  1.469E-06  0.287      0.713      4.899E-06  2.570E-18  1.324E-36   0.00       0.00    
   9   7.212E-15  1.335E-05  0.868      0.132      1.989E-08  7.665E-22  8.542E-44   0.00       0.00    
  10   1.420E-13  1.077E-04  0.979      2.082E-02  6.646E-11  1.728E-26  1.080E-49   0.00       0.00    
  11   5.810E-15  7.534E-04  0.998      1.259E-03  3.620E-13  6.114E-31  2.798E-57   0.00       0.00    
  12   1.300E-20  8.239E-10   1.00      5.919E-05  2.694E-16  2.509E-35  6.535E-64   0.00       0.00    
  13   1.800E-26  1.022E-15  6.017E-07   1.00      7.114E-14  3.545E-35  2.985E-65   0.00       0.00    
  14   4.384E-28  2.162E-17  7.215E-09  3.056E-03  0.997      2.395E-24  3.656E-57   0.00       0.00    
  15   1.325E-26  4.409E-16  7.478E-08  1.973E-02  0.969      1.143E-02  2.617E-38   0.00       0.00    
  16   2.423E-25  6.585E-15  4.098E-07  2.602E-02  0.973      9.496E-04  7.902E-11  8.828E-61   0.00    
  17   2.278E-23  4.350E-13  1.205E-05  0.169      0.830      7.862E-04  2.986E-12   0.00       0.00    
  18   1.201E-21  1.637E-11  1.714E-04  0.657      0.343      2.640E-05  1.362E-13  3.996E-28  1.294E-47
  19   2.141E-21  2.570E-10  9.953E-04  0.892      0.107      4.807E-07  1.086E-16   0.00       0.00    
  20   1.081E-23  2.350E-12  5.578E-03  0.981      1.357E-02  8.451E-09  4.272E-20   0.00       0.00    
  21    0.00       0.00       0.00       0.00       0.00       0.00       0.00       0.00       0.00    
  22   7.916E-30  2.670E-18  4.470E-09  5.577E-03  0.994      7.522E-10   0.00       0.00       0.00    
  23   3.727E-29  1.057E-17  2.667E-08  2.460E-02  0.973      2.103E-03   0.00       0.00       0.00    
  24   8.586E-29  2.771E-17  3.372E-08  2.600E-02  0.974      1.239E-04  5.508E-13   0.00       0.00    
  25   2.764E-28  8.456E-17  8.301E-08  4.057E-02  0.959      4.587E-05  2.734E-14   0.00       0.00    
  26   1.342E-27  2.879E-16  2.184E-07  7.766E-02  0.922      9.428E-05  2.023E-14  6.816E-30  8.971E-52
  27   4.615E-27  7.231E-16  4.429E-07  0.107      0.893      3.681E-05  4.523E-15  2.677E-31   0.00    
  28   2.258E-26  2.405E-15  1.158E-06  0.194      0.806      2.344E-05  4.405E-16  7.828E-33  1.584E-56
  29   9.901E-26  7.808E-15  2.846E-06  0.345      0.655      6.902E-06  1.178E-16   0.00       0.00    
  30   5.230E-25  2.511E-14  1.020E-05   1.00       0.00       0.00       0.00       0.00       0.00    

# i =   30 wne = 0.5293E-10 T_e =  20744. dilfac = 0.1000E+01
   1   6.524E-09   1.00       0.00       0.00       0.00       0.00       0.00       0.00       0.00    
   2   6.031E-07  0.978      2.246E-02   0.00       0.00       0.00       0.00       0.00       0.00    
   3    0.00       0.00       0.00       0.00       0.00       0.00       0.00       0.00       0.00    
   4    0.00       0.00       0.00       0.00       0.00       0.00       0.00       0.00       0.00    
   5    0.00       0.00       0.00       0.00       0.00       0.00       0.00       0.00       0.00    
   6   2.104E-15  1.496E-06  0.253      0.747      5.905E-05  4.943E-88   0.00       0.00       0.00    
   7   7.931E-14  2.594E-05  0.718      0.282      6.045E-08  3.760E-20  4.248-142   0.00       0.00    
   8   1.313E-12  2.549E-04  0.980      1.960E-02  3.938E-10  1.241E-25  1.308E-47   0.00       0.00    
   9   1.094E-11  8.292E-04  0.998      8.855E-04  2.589E-13  5.798E-30  5.743E-56   0.00       0.00    
  10   2.875E-10  7.564E-03  0.992      1.117E-04  4.495E-16  4.030E-35  2.149E-62   0.00       0.00    
  11   6.458E-12  6.357E-02  0.936      4.440E-06  1.441E-18  4.938E-40  1.030E-70   0.00       0.00    
  12   3.657E-18  1.627E-08   1.00      1.551E-07  5.071E-22  8.299E-45  5.248E-78   0.00       0.00    
  13   2.384E-22  9.232E-13  2.303E-05   1.00      3.224E-17  1.629E-42  2.814E-77   0.00       0.00    
  14   4.766E-22  1.515E-12  2.171E-05  0.199      0.801      1.112E-28  1.809E-66   0.00       0.00    
  15   9.060E-21  1.718E-11  1.106E-04  0.680      0.320      1.931E-05  2.401E-46   0.00       0.00    
  16   1.827E-19  2.799E-10  5.789E-04  0.707      0.292      1.061E-06  1.634E-16  6.924E-73   0.00    
  17   5.284E-18  5.097E-09  4.253E-03  0.955      4.033E-02  1.716E-07  8.287E-19   0.00       0.00    
  18   1.037E-16  6.612E-08  1.806E-02  0.979      3.412E-03  8.744E-10  7.215E-21  8.048E-39  4.198E-62
  19   1.061E-16  1.019E-06  8.682E-02  0.913      6.414E-04  7.070E-12  1.791E-24   0.00       0.00    
  20   1.808E-19  2.761E-09  0.378      0.622      3.925E-05  5.109E-14  2.003E-28   0.00       0.00    
  21    0.00       0.00       0.00       0.00       0.00       0.00       0.00       0.00       0.00    
  22   4.772E-24  1.053E-13  8.895E-06  0.297      0.703      5.848E-13   0.00       0.00       0.00    
  23   1.366E-23  2.553E-13  3.064E-05  0.700      0.300      3.272E-06   0.00       0.00       0.00    
  24   3.471E-23  7.025E-13  3.942E-05  0.722      0.278      1.293E-07  9.497E-19   0.00       0.00    
  25   9.218E-23  1.711E-12  7.551E-05  0.816      0.184      2.826E-08  2.151E-20   0.00       0.00    
  26   2.658E-22  3.496E-12  1.165E-04  0.907      9.282E-02  3.128E-08  7.500E-21  9.417E-40  1.430E-65
  27   7.553E-22  7.248E-12  1.900E-04  0.932      6.814E-02  8.125E-09  1.021E-21  1.931E-41   0.00    
  28   2.268E-21  1.496E-11  3.045E-04  0.968      3.140E-02  2.773E-09  4.263E-23  2.006E-43  2.964E-71
  29   6.187E-21  3.080E-11  4.591E-04  0.986      1.309E-02  3.591E-10  6.251E-24   0.00       0.00    
  30   1.205E-20  3.883E-11  6.295E-04  0.999       0.00       0.00       0.00       0.00       0.00    

# i =   36 wne = 0.8308E-11 T_e =  20951. dilfac = 0.1000E+01
   1   3.854E-08   1.00       0.00       0.00       0.00       0.00       0.00       0.00       0.00    
   2   3.366E-06  0.995      4.916E-03   0.00       0.00       0.00       0.00       0.00       0.00    
   3    0.00       0.00       0.00       0.00       0.00       0.00       0.00       0.00       0.00    
   4    0.00       0.00       0.00       0.00       0.00       0.00       0.00       0.00       0.00    
   5    0.00       0.00       0.00       0.00       0.00       0.00       0.00       0.00       0.00    
   6   1.671E-13  2.009E-05  0.622      0.378      6.792E-06  7.869E-89   0.00       0.00       0.00    
   7   3.176E-12  1.784E-04  0.924      7.544E-02  3.932E-09  6.679E-22  2.524-143   0.00       0.00    
   8   4.026E-11  1.343E-03  0.994      4.282E-03  2.103E-11  1.975E-27  7.102E-50   0.00       0.00    
   9   3.204E-10  4.264E-03  0.996      1.980E-04  1.490E-14  9.985E-32  3.745E-58   0.00       0.00    
  10   7.774E-09  3.669E-02  0.963      2.461E-05  2.689E-17  7.704E-37  1.564E-64   0.00       0.00    
  11   1.544E-10  0.247      0.753      8.454E-07  7.555E-20  8.840E-42  7.590E-73   0.00       0.00    
  12   1.302E-16  9.498E-08   1.00      3.843E-08  3.662E-23  2.083E-46  5.868E-80   0.00       0.00    
  13   4.450E-20  2.838E-11  1.239E-04   1.00      9.953E-18  1.872E-43  1.471E-78   0.00       0.00    
  14   2.384E-19  1.257E-10  3.146E-04  0.549      0.451      2.503E-29  2.010E-67   0.00       0.00    
  15   2.151E-18  6.875E-10  7.847E-04  0.909      9.016E-02  1.240E-06  8.287E-48   0.00       0.00    
  16   4.033E-17  1.043E-08  3.891E-03  0.918      7.842E-02  6.755E-08  2.695E-18  8.559E-75   0.00    
  17   8.688E-16  1.434E-07  2.184E-02  0.969      8.740E-03  8.614E-09  1.129E-20   0.00       0.00    
  18   1.505E-14  1.658E-06  8.418E-02  0.915      7.035E-04  4.336E-11  9.431E-23  3.320E-41  6.087E-65
  19   1.261E-14  1.958E-05  0.317      0.683      1.076E-04  2.964E-13  2.070E-26   0.00       0.00    
  20   1.285E-17  3.219E-08  0.742      0.258      3.764E-06  1.249E-15  1.414E-30   0.00       0.00    
  21    0.00       0.00       0.00       0.00       0.00       0.00       0.00       0.00       0.00    
  22   2.071E-21  7.566E-12  1.094E-04  0.676      0.324      7.444E-14   0.00       0.00       0.00    
  23   3.357E-21  1.038E-11  2.148E-04  0.918      8.154E-02  2.032E-07   0.00       0.00       0.00    
  24   8.213E-21  2.767E-11  2.686E-04  0.925      7.445E-02  8.229E-09  1.587E-20   0.00       0.00    
  25   1.958E-20  6.073E-11  4.652E-04  0.954      4.536E-02  1.683E-09  3.475E-22   0.00       0.00    
  26   5.193E-20  1.140E-10  6.615E-04  0.978      2.137E-02  1.735E-09  1.147E-22  4.557E-42  2.536E-68
  27   1.426E-19  2.285E-10  1.046E-03  0.984      1.532E-02  4.474E-10  1.568E-23  9.567E-44   0.00    
  28   4.116E-19  4.527E-10  1.612E-03  0.991      6.951E-03  1.492E-10  6.580E-25  1.023E-45  5.866E-74
  29   1.094E-18  9.060E-10  2.373E-03  0.995      2.893E-03  1.968E-11  9.558E-26   0.00       0.00    
  30   2.092E-18  1.114E-09  3.180E-03  0.997       0.00       0.00       0.00       0.00       0.00    

# i =   42 wne = 0.4739E-12 T_e =  23617. dilfac = 0.1000E+01
   1   3.035E-07   1.00       0.00       0.00       0.00       0.00       0.00       0.00       0.00    
   2   1.058E-05  0.990      1.003E-02   0.00       0.00       0.00       0.00       0.00       0.00    
   3    0.00       0.00       0.00       0.00       0.00       0.00       0.00       0.00       0.00    
   4    0.00       0.00       0.00       0.00       0.00       0.00       0.00       0.00       0.00    
   5    0.00       0.00       0.00       0.00       0.00       0.00       0.00       0.00       0.00    
   6   3.457E-12  5.524E-05  0.565      0.435      2.941E-05  1.034E-78   0.00       0.00       0.00    
   7   4.534E-11  4.034E-04  0.899      0.101      4.345E-08  2.272E-19  5.763-127   0.00       0.00    
   8   4.342E-10  2.293E-03  0.989      8.887E-03  3.831E-10  2.978E-24  4.101E-44   0.00       0.00    
   9   2.419E-09  6.653E-03  0.993      6.466E-04  7.643E-13  4.461E-28  2.091E-51   0.00       0.00    
  10   3.268E-08  4.020E-02  0.960      9.277E-05  2.929E-15  1.531E-32  4.122E-57   0.00       0.00    
  11   1.456E-09  0.200      0.800      5.518E-06  1.676E-17  7.586E-37  2.104E-64   0.00       0.00    
  12   8.928E-15  6.314E-07   1.00      3.938E-07  2.418E-20  6.552E-41  1.456E-70   0.00       0.00    
  13   5.810E-18  3.721E-10  3.179E-04   1.00      1.232E-15  2.410E-38  1.901E-69   0.00       0.00    
  14   2.113E-17  1.212E-09  5.846E-04  0.518      0.481      6.165E-26  1.261E-59   0.00       0.00    
  15   1.486E-16  6.134E-09  1.610E-03  0.860      0.138      7.507E-06  3.327E-42   0.00       0.00    
  16   1.794E-15  6.065E-08  6.264E-03  0.892      0.101      5.423E-07  3.627E-16  3.351E-66   0.00    
  17   2.247E-14  5.667E-07  2.756E-02  0.956      1.637E-02  7.691E-08  2.877E-18   0.00       0.00    
  18   2.414E-13  4.493E-06  8.934E-02  0.909      1.894E-03  8.503E-10  3.823E-20  2.136E-36  2.109E-57
  19   2.759E-13  3.409E-05  0.275      0.725      3.726E-04  1.154E-11  2.757E-23   0.00       0.00    
  20   8.986E-16  2.168E-07  0.631      0.369      2.510E-05  1.179E-13  7.681E-27   0.00       0.00    
  21    0.00       0.00       0.00       0.00       0.00       0.00       0.00       0.00       0.00    
  22   3.338E-19  1.297E-10  2.877E-04  0.671      0.328      2.653E-12   0.00       0.00       0.00    
  23   4.411E-19  1.433E-10  4.954E-04  0.891      0.108      1.087E-06   0.00       0.00       0.00    
  24   9.013E-19  3.429E-10  5.815E-04  0.894      0.106      7.443E-08  2.832E-18   0.00       0.00    
  25   1.794E-18  6.594E-10  9.157E-04  0.927      7.202E-02  2.049E-08  1.201E-19   0.00       0.00    
  26   4.634E-18  1.188E-09  1.289E-03  0.959      3.948E-02  2.366E-08  5.370E-20  3.485E-37  1.676E-60
  27   1.113E-17  2.084E-09  1.852E-03  0.970      2.810E-02  7.268E-09  9.910E-21  1.227E-38   0.00    
  28   2.935E-17  3.717E-09  2.609E-03  0.982      1.503E-02  2.697E-09  6.332E-22  2.609E-40  2.471E-65
  29   6.965E-17  6.451E-09  3.496E-03  0.989      7.325E-03  5.162E-10  9.763E-23   0.00       0.00    
  30   1.247E-16  6.761E-09  4.160E-03  0.996       0.00       0.00       0.00       0.00       0.00    

# i =   48 wne = 0.1563E-13 T_e =  41233. dilfac = 0.1000E+01
   1   1.485E-06   1.00       0.00       0.00       0.00       0.00       0.00       0.00       0.00    
   2   2.160E-08  1.398E-02  0.986       0.00       0.00       0.00       0.00       0.00       0.00    
   3    0.00       0.00       0.00       0.00       0.00       0.00       0.00       0.00       0.00    
   4    0.00       0.00       0.00       0.00       0.00       0.00       0.00       0.00       0.00    
   5    0.00       0.00       0.00       0.00       0.00       0.00       0.00       0.00       0.00    
   6   1.529E-16  1.617E-09  2.735E-04  0.241      0.758      1.140E-39   0.00       0.00       0.00    
   7   3.833E-15  3.865E-08  3.288E-03  0.789      0.208      6.040E-05  2.528E-63   0.00       0.00    
   8   8.751E-14  3.329E-07  1.373E-02  0.942      4.402E-02  4.795E-07  1.802E-15   0.00       0.00    
   9   2.876E-13  2.042E-06  4.710E-02  0.946      7.315E-03  9.881E-09  5.885E-19   0.00       0.00    
  10   2.415E-12  1.269E-05  0.142      0.857      1.203E-03  1.523E-10  7.409E-22   0.00       0.00    
  11   7.894E-12  5.361E-05  0.335      0.665      1.995E-04  2.431E-12  2.413E-25   0.00       0.00    
  12   2.399E-14  7.208E-07  0.622      0.378      1.793E-05  3.366E-14  4.780E-28   0.00       0.00    
  13   5.202E-19  9.182E-12  1.672E-05   1.00      8.175E-06  1.402E-15  1.799E-30   0.00       0.00    
  14   1.003E-21  2.898E-14  3.137E-08  1.324E-03  0.999      1.562E-11  1.238E-27   0.00       0.00    
  15   7.217E-22  1.799E-14  2.214E-08  6.335E-04  0.242      0.757      3.232E-18   0.00       0.00    
  16   7.897E-21  1.785E-13  1.225E-07  2.111E-03  0.449      0.546      2.775E-03  8.037E-29   0.00    
  17   6.995E-20  1.146E-12  7.099E-07  6.421E-03  0.614      0.379      5.552E-04   0.00       0.00    
  18   6.082E-19  8.837E-12  4.231E-06  2.235E-02  0.801      0.177      1.388E-04  1.055E-10  9.415E-20
  19   8.374E-18  3.305E-11  1.493E-05  4.881E-02  0.897      5.433E-02  1.111E-05   0.00       0.00    
  20   8.720E-19  6.414E-11  5.564E-05  0.113      0.867      2.012E-02  5.931E-07   0.00       0.00    
  21    0.00       0.00       0.00       0.00       0.00       0.00       0.00       0.00       0.00    
  22   1.674E-22  2.600E-14  6.411E-08  3.111E-03  0.996      7.816E-04   0.00       0.00       0.00    
  23   8.153E-23  8.577E-15  4.832E-08  2.873E-03  0.596      0.401       0.00       0.00       0.00    
  24   1.012E-22  1.760E-14  5.639E-08  3.226E-03  0.820      0.176      9.338E-05   0.00       0.00    
  25   1.113E-22  2.194E-14  6.987E-08  3.594E-03  0.859      0.138      3.685E-05   0.00       0.00    
  26   2.451E-22  3.205E-14  8.624E-08  3.960E-03  0.770      0.226      4.424E-05  4.638E-12  1.007E-22
  27   4.986E-22  5.090E-14  1.228E-07  4.987E-03  0.818      0.177      3.101E-05  1.224E-12   0.00    
  28   1.282E-21  8.857E-14  1.691E-07  6.313E-03  0.849      0.144      1.112E-05  3.664E-13  1.248E-24
  29   2.850E-21  1.178E-13  2.301E-07  8.338E-03  0.884      0.107      2.359E-06   0.00       0.00    
  30   5.967E-19  8.653E-12  3.079E-05   1.00       0.00       0.00       0.00       0.00       0.00    

# i =   51 wne = 0.1005E-14 T_e =  83379. dilfac = 0.1000E+01
   1   6.994E-06   1.00       0.00       0.00       0.00       0.00       0.00       0.00       0.00    
   2   1.282E-10  5.278E-05   1.00       0.00       0.00       0.00       0.00       0.00       0.00    
   3    0.00       0.00       0.00       0.00       0.00       0.00       0.00       0.00       0.00    
   4    0.00       0.00       0.00       0.00       0.00       0.00       0.00       0.00       0.00    
   5    0.00       0.00       0.00       0.00       0.00       0.00       0.00       0.00       0.00    
   6   2.734E-22  3.488E-15  3.553E-09  2.798E-04   1.00      4.661E-16   0.00       0.00       0.00    
   7   2.067E-23  2.433E-16  2.652E-10  1.378E-05  2.414E-02  0.976      9.715E-26   0.00       0.00    
   8   1.248E-21  3.449E-15  2.339E-09  7.799E-05  6.230E-02  0.803      0.134       0.00       0.00    
   9   3.277E-21  2.991E-14  2.149E-08  4.748E-04  0.181      0.799      1.992E-02   0.00       0.00    
  10   5.289E-20  2.806E-13  1.362E-07  1.872E-03  0.382      0.614      2.311E-03   0.00       0.00    
  11   3.415E-19  8.602E-13  5.409E-07  5.919E-03  0.608      0.386      2.523E-04   0.00       0.00    
  12   1.376E-19  4.348E-12  1.408E-06  1.367E-02  0.779      0.207      1.171E-04   0.00       0.00    
  13   1.746E-21  2.660E-14  1.551E-07  2.237E-02  0.876      0.101      1.232E-05   0.00       0.00    
  14   6.507E-25  2.319E-17  6.653E-11  2.550E-05  0.945      5.505E-02  3.826E-06   0.00       0.00    
  15   8.938E-29  1.922E-21  9.252E-15  5.138E-09  2.767E-04   1.00      3.303E-05   0.00       0.00    
  16   1.284E-30  3.965E-23  6.147E-17  3.256E-11  1.680E-06  5.570E-03  0.994      1.213E-09   0.00    
  17   6.006E-30  8.385E-23  2.478E-16  9.261E-11  3.748E-06  9.763E-03  0.990       0.00       0.00    
  18   3.374E-30  4.793E-23  1.174E-16  3.954E-11  1.268E-06  2.269E-03  0.201      0.726      7.049E-02
  19   2.406E-28  6.314E-22  2.291E-15  8.106E-10  2.196E-05  2.206E-02  0.978       0.00       0.00    
  20   2.477E-28  1.383E-20  1.128E-14  3.588E-09  6.456E-05  5.015E-02  0.950       0.00       0.00    
  21    0.00       0.00       0.00       0.00       0.00       0.00       0.00       0.00       0.00    
  22   1.714E-27  1.701E-19  6.842E-13  2.023E-07  4.648E-03  0.995       0.00       0.00       0.00    
  23   7.691E-29  3.999E-21  3.586E-14  2.608E-08  7.804E-04  0.999       0.00       0.00       0.00    
  24   1.113E-30  1.266E-22  8.301E-16  5.833E-10  2.294E-05  2.652E-02  0.973       0.00       0.00    
  25   4.585E-31  6.714E-23  5.104E-16  3.819E-10  1.925E-05  2.331E-02  0.977       0.00       0.00    
  26   1.970E-31  1.923E-23  1.246E-16  1.003E-10  5.445E-06  1.117E-02  0.523      0.462      3.938E-03
  27   2.503E-31  2.068E-23  1.381E-16  9.778E-11  5.754E-06  1.210E-02  0.661      0.327       0.00    
  28   4.316E-31  2.807E-23  1.376E-16  1.094E-10  5.800E-06  1.264E-02  0.548      0.437      2.148E-03
  29   6.595E-30  1.984E-22  1.424E-15  1.402E-09  7.174E-05  0.151      0.849       0.00       0.00    
  30   1.593E-20  1.026E-13  3.243E-06   1.00       0.00       0.00       0.00       0.00       0.00    
# (N_jk/N_H)

# i =    1 wne = 0.1077E-03 T_e =  12000. dilfac = 0.1000E+01
   1  0.15E-11 0.10E+01 0.00E+00 0.00E+00 0.00E+00 0.00E+00 0.00E+00 0.00E+00 0.00E+00
   2  0.16E-08 0.10E+00 0.48E-06 0.00E+00 0.00E+00 0.00E+00 0.00E+00 0.00E+00 0.00E+00

# i =    6 wne = 0.7050E-05 T_e =  12000. dilfac = 0.1000E+01
   1  0.23E-10 0.10E+01 0.00E+00 0.00E+00 0.00E+00 0.00E+00 0.00E+00 0.00E+00 0.00E+00
   2  0.24E-07 0.10E+00 0.31E-07 0.00E+00 0.00E+00 0.00E+00 0.00E+00 0.00E+00 0.00E+00

# i =   12 wne = 0.3866E-07 T_e =  15015. dilfac = 0.1000E+01
   1  0.22E-09 0.10E+01 0.00E+00 0.00E+00 0.00E+00 0.00E+00 0.00E+00 0.00E+00 0.00E+00
   2  0.26E-07 0.10E+00 0.93E-05 0.00E+00 0.00E+00 0.00E+00 0.00E+00 0.00E+00 0.00E+00

# i =   18 wne = 0.4497E-08 T_e =  19255. dilfac = 0.1000E+01
   1  0.14E-09 0.10E+01 0.00E+00 0.00E+00 0.00E+00 0.00E+00 0.00E+00 0.00E+00 0.00E+00
   2  0.20E-08 0.86E-01 0.14E-01 0.00E+00 0.00E+00 0.00E+00 0.00E+00 0.00E+00 0.00E+00

# i =   24 wne = 0.5244E-09 T_e =  22516. dilfac = 0.1000E+01
   1  0.37E-09 0.10E+01 0.00E+00 0.00E+00 0.00E+00 0.00E+00 0.00E+00 0.00E+00 0.00E+00
   2  0.49E-09 0.26E-01 0.74E-01 0.00E+00 0.00E+00 0.00E+00 0.00E+00 0.00E+00 0.00E+00

# i =   30 wne = 0.5293E-10 T_e =  20744. dilfac = 0.1000E+01
   1  0.65E-08 0.10E+01 0.00E+00 0.00E+00 0.00E+00 0.00E+00 0.00E+00 0.00E+00 0.00E+00
   2  0.60E-07 0.98E-01 0.22E-02 0.00E+00 0.00E+00 0.00E+00 0.00E+00 0.00E+00 0.00E+00

# i =   36 wne = 0.8308E-11 T_e =  20951. dilfac = 0.1000E+01
   1  0.39E-07 0.10E+01 0.00E+00 0.00E+00 0.00E+00 0.00E+00 0.00E+00 0.00E+00 0.00E+00
   2  0.34E-06 0.10E+00 0.49E-03 0.00E+00 0.00E+00 0.00E+00 0.00E+00 0.00E+00 0.00E+00

# i =   42 wne = 0.4739E-12 T_e =  23617. dilfac = 0.1000E+01
   1  0.30E-06 0.10E+01 0.00E+00 0.00E+00 0.00E+00 0.00E+00 0.00E+00 0.00E+00 0.00E+00
   2  0.11E-05 0.99E-01 0.10E-02 0.00E+00 0.00E+00 0.00E+00 0.00E+00 0.00E+00 0.00E+00

# i =   48 wne = 0.1563E-13 T_e =  41233. dilfac = 0.1000E+01
   1  0.15E-05 0.10E+01 0.00E+00 0.00E+00 0.00E+00 0.00E+00 0.00E+00 0.00E+00 0.00E+00
   2  0.22E-08 0.14E-02 0.99E-01 0.00E+00 0.00E+00 0.00E+00 0.00E+00 0.00E+00 0.00E+00

# i =   51 wne = 0.1005E-14 T_e =  83379. dilfac = 0.1000E+01
   1  0.70E-05 0.10E+01 0.00E+00 0.00E+00 0.00E+00 0.00E+00 0.00E+00 0.00E+00 0.00E+00
   2  0.13E-10 0.53E-05 0.10E+00 0.00E+00 0.00E+00 0.00E+00 0.00E+00 0.00E+00 0.00E+00
