# (f_jk=N_jk/N_k)

# i =    1 wne = 0.1870E-08 T_e =  12000. dilfac = 0.1736E-04
   1   1.484E-10   1.00       0.00       0.00       0.00       0.00       0.00       0.00       0.00    
   2   1.725E-09  0.999      5.315E-04   0.00       0.00       0.00       0.00       0.00       0.00    
   3    0.00       0.00       0.00       0.00       0.00       0.00       0.00       0.00       0.00    
   4    0.00       0.00       0.00       0.00       0.00       0.00       0.00       0.00       0.00    
   5    0.00       0.00       0.00       0.00       0.00       0.00       0.00       0.00       0.00    
   6   1.681E-21  1.019E-10  0.120      0.880      4.616E-07  4.581-139   0.00       0.00       0.00    
   7   5.662E-20  1.698E-09  0.160      0.840      1.826E-10  1.727E-22  1.534E-99   0.00       0.00    
   8   4.939E-17  3.657E-07  0.964      3.625E-02  3.603E-12  6.264E-27  7.833E-38   0.00       0.00    
   9   7.146E-17  1.687E-06   1.00      2.771E-04  3.161E-14  4.384E-29  1.796E-42   0.00       0.00    
  10   1.127E-15  3.500E-05   1.00      1.524E-06  3.538E-17  1.205E-25  2.116E-40   0.00       0.00    
  11   7.453E-14  2.601E-04   1.00      9.168E-07  2.889E-18  1.787E-28  1.817E-45   0.00       0.00    
  12   2.293E-20  1.892E-09   1.00      1.613E-08  5.130E-21  1.268E-31  6.156E-50   0.00       0.00    
  13   3.041E-28  3.366E-16  9.829E-08   1.00      1.189E-14  3.950E-27  1.845E-46   0.00       0.00    
  14   1.592E-29  1.868E-18  1.162E-06  1.400E-02  0.986      4.576E-34  7.111E-36   0.00       0.00    
  15   4.534E-28  3.524E-17  2.355E-08  1.291E-02  0.987      1.187E-05  1.230E-28   0.00       0.00    
  16   1.454E-24  1.203E-14  4.649E-07  2.213E-02  0.978      3.030E-08  8.270E-17  1.051E-50   0.00    
  17   6.788E-26  8.777E-15  2.378E-06  0.174      0.826      8.414E-07  2.770E-17   0.00       0.00    
  18   1.027E-22  3.876E-12  2.005E-04  0.997      2.843E-03  3.263E-10  1.852E-21  8.378E-30  1.123E-41
  19   5.122E-23  6.096E-12  4.980E-04  0.999      5.022E-04  1.720E-12  1.889E-24   0.00       0.00    
  20   4.649E-24  8.201E-13  6.325E-03  0.994      1.105E-04  6.119E-14  2.355E-26   0.00       0.00    
  21    0.00       0.00       0.00       0.00       0.00       0.00       0.00       0.00       0.00    
  22   8.341E-33  2.804E-21  2.668E-11  4.783E-04   1.00      1.006E-11   0.00       0.00       0.00    
  23   8.851E-33  3.345E-21  6.331E-11  1.787E-03  0.995      3.698E-03   0.00       0.00       0.00    
  24   3.398E-32  1.241E-20  9.642E-11  2.116E-03  0.997      1.058E-03  2.872E-15   0.00       0.00    
  25   2.565E-31  6.611E-20  2.829E-10  7.356E-03  0.992      3.191E-04  4.324E-15   0.00       0.00    
  26   4.475E-31  7.598E-20  2.491E-10  5.594E-03  0.994      4.624E-06  1.103E-17  1.433E-26  2.101E-40
  27   3.335E-30  9.077E-19  3.858E-09  2.570E-02  0.974      5.586E-04  3.010E-15  4.197E-24   0.00    
  28   1.983E-29  4.774E-18  1.137E-08  3.406E-02  0.966      8.099E-06  1.715E-18  5.966E-27  2.067E-41
  29   8.269E-29  1.483E-17  3.533E-08  7.474E-02  0.925      4.048E-05  2.979E-17   0.00       0.00    
  30   1.960E-27  1.304E-16  3.581E-07   1.00       0.00       0.00       0.00       0.00       0.00    

# i =    6 wne = 0.1824E-08 T_e =  12000. dilfac = 0.2588E-03
   1   1.270E-10   1.00       0.00       0.00       0.00       0.00       0.00       0.00       0.00    
   2   1.543E-09  0.998      2.138E-03   0.00       0.00       0.00       0.00       0.00       0.00    
   3    0.00       0.00       0.00       0.00       0.00       0.00       0.00       0.00       0.00    
   4    0.00       0.00       0.00       0.00       0.00       0.00       0.00       0.00       0.00    
   5    0.00       0.00       0.00       0.00       0.00       0.00       0.00       0.00       0.00    
   6   1.174E-21  8.451E-11  0.121      0.879      8.127E-06  6.423-139   0.00       0.00       0.00    
   7   4.284E-20  1.479E-09  0.154      0.846      1.807E-09  2.048E-21  1.737E-98   0.00       0.00    
   8   3.892E-17  3.249E-07  0.860      0.140      5.144E-11  2.538E-25  3.234E-36   0.00       0.00    
   9   5.742E-17  1.548E-06  0.996      3.551E-03  6.046E-13  9.314E-28  3.869E-41   0.00       0.00    
  10   9.258E-16  3.591E-05   1.00      1.056E-05  3.054E-16  1.080E-24  1.923E-39   0.00       0.00    
  11   5.754E-14  2.455E-04   1.00      1.102E-05  4.131E-17  2.601E-27  2.674E-44   0.00       0.00    
  12   1.627E-20  1.937E-09   1.00      6.079E-08  2.153E-20  5.187E-31  2.540E-49   0.00       0.00    
  13   2.050E-28  2.681E-16  8.921E-08   1.00      1.234E-14  4.158E-27  1.957E-46   0.00       0.00    
  14   9.735E-30  1.387E-18  1.195E-06  1.413E-02  0.986      1.266E-31  7.236E-36   0.00       0.00    
  15   2.816E-28  2.598E-17  1.988E-08  1.205E-02  0.988      1.738E-04  1.809E-27   0.00       0.00    
  16   7.085E-25  7.619E-15  3.573E-06  2.161E-02  0.978      4.245E-07  1.658E-17  6.890E-49   0.00    
  17   4.320E-26  6.607E-15  2.013E-06  0.159      0.841      1.042E-05  4.420E-16   0.00       0.00    
  18   6.417E-23  2.802E-12  1.829E-04  0.961      3.889E-02  6.216E-08  4.585E-19  2.125E-27  2.900E-39
  19   3.738E-23  5.162E-12  4.566E-04  0.993      6.973E-03  2.127E-10  2.848E-22   0.00       0.00    
  20   2.806E-24  6.045E-13  5.500E-03  0.993      1.528E-03  1.083E-11  4.132E-24   0.00       0.00    
  21    0.00       0.00       0.00       0.00       0.00       0.00       0.00       0.00       0.00    
  22   4.926E-33  2.035E-21  2.269E-11  4.487E-04   1.00      1.270E-11   0.00       0.00       0.00    
  23   5.333E-33  2.487E-21  5.457E-11  1.689E-03  0.995      3.691E-03   0.00       0.00       0.00    
  24   2.115E-32  9.363E-21  8.301E-11  2.004E-03  0.997      1.060E-03  2.415E-14   0.00       0.00    
  25   1.607E-31  5.016E-20  2.475E-10  6.978E-03  0.993      3.113E-04  4.745E-15   0.00       0.00    
  26   2.877E-31  5.991E-20  2.259E-10  5.601E-03  0.994      4.634E-06  1.324E-17  2.140E-26  3.185E-40
  27   2.023E-30  6.842E-19  3.370E-09  2.467E-02  0.975      5.315E-04  2.998E-15  4.292E-24   0.00    
  28   1.300E-29  3.772E-18  1.037E-08  3.392E-02  0.966      8.078E-06  1.955E-18  7.287E-27  2.569E-41
  29   5.494E-29  1.181E-17  3.173E-08  7.226E-02  0.928      3.919E-05  3.088E-17   0.00       0.00    
  30   1.358E-27  1.074E-16  3.365E-07   1.00       0.00       0.00       0.00       0.00       0.00    

# i =   12 wne = 0.1180E-08 T_e =  15015. dilfac = 0.3212E-01
   1   1.142E-10   1.00       0.00       0.00       0.00       0.00       0.00       0.00       0.00    
   2   6.324E-10  0.404      0.596       0.00       0.00       0.00       0.00       0.00       0.00    
   3    0.00       0.00       0.00       0.00       0.00       0.00       0.00       0.00       0.00    
   4    0.00       0.00       0.00       0.00       0.00       0.00       0.00       0.00       0.00    
   5    0.00       0.00       0.00       0.00       0.00       0.00       0.00       0.00       0.00    
   6   2.398E-22  2.053E-11  1.420E-02  0.981      5.252E-03  1.645-111   0.00       0.00       0.00    
   7   1.986E-20  7.612E-10  1.463E-02  0.985      3.410E-06  9.151E-17  3.957E-95   0.00       0.00    
   8   8.570E-18  1.436E-07  0.166      0.834      8.329E-07  3.133E-20  3.394E-31   0.00       0.00    
   9   4.396E-17  1.251E-06  0.794      0.206      2.588E-09  2.331E-23  8.110E-37   0.00       0.00    
  10   8.737E-16  3.646E-05  0.996      3.578E-03  6.825E-12  2.373E-21  3.680E-36   0.00       0.00    
  11   1.007E-14  1.987E-04  0.999      9.922E-04  4.540E-14  2.332E-24  1.956E-41   0.00       0.00    
  12   7.305E-21  2.280E-09   1.00      7.160E-06  1.089E-17  1.426E-28  5.603E-47   0.00       0.00    
  13   1.262E-28  1.063E-16  7.376E-08   1.00      3.837E-14  1.015E-26  3.738E-46   0.00       0.00    
  14   1.389E-30  2.517E-19  1.692E-07  4.678E-03  0.995      4.225E-26  4.463E-36   0.00       0.00    
  15   3.830E-29  4.296E-18  3.873E-09  4.553E-03  0.980      1.593E-02  1.280E-25   0.00       0.00    
  16   5.550E-28  4.876E-17  2.968E-08  3.943E-03  0.996      3.648E-04  7.666E-12  4.561E-45   0.00    
  17   4.694E-27  8.319E-16  2.533E-07  3.618E-02  0.963      1.003E-03  5.638E-13   0.00       0.00    
  18   5.860E-25  2.933E-14  5.074E-06  0.208      0.791      1.278E-04  8.761E-14  1.713E-22  2.078E-34
  19   6.363E-24  1.069E-12  8.903E-05  0.604      0.396      1.098E-06  2.337E-17   0.00       0.00    
  20   1.602E-25  4.568E-14  4.825E-04  0.889      0.111      6.841E-08  1.128E-19   0.00       0.00    
  21    0.00       0.00       0.00       0.00       0.00       0.00       0.00       0.00       0.00    
  22   2.997E-33  1.652E-21  2.081E-11  4.118E-04   1.00      1.873E-10   0.00       0.00       0.00    
  23   3.685E-33  2.274E-21  5.455E-11  1.897E-03  0.993      5.441E-03   0.00       0.00       0.00    
  24   1.275E-32  7.351E-21  7.070E-11  2.040E-03  0.997      8.808E-04  1.727E-12   0.00       0.00    
  25   8.189E-32  3.406E-20  1.933E-10  5.336E-03  0.994      2.666E-04  4.376E-14   0.00       0.00    
  26   1.077E-31  3.074E-20  1.306E-10  5.845E-03  0.994      1.378E-05  4.445E-16  1.799E-24  2.090E-38
  27   5.425E-31  2.430E-19  1.327E-09  1.002E-02  0.990      1.327E-04  5.311E-15  6.271E-24   0.00    
  28   3.881E-30  1.431E-18  4.304E-09  2.712E-02  0.973      1.702E-05  3.549E-17  3.393E-26  9.876E-41
  29   2.823E-29  7.320E-18  2.094E-08  4.511E-02  0.955      3.946E-05  2.471E-16   0.00       0.00    
  30   1.041E-27  1.000E-16  3.492E-07   1.00       0.00       0.00       0.00       0.00       0.00    

# i =   18 wne = 0.5850E-09 T_e =  19255. dilfac = 0.1387E+00
   1   1.723E-10   1.00       0.00       0.00       0.00       0.00       0.00       0.00       0.00    
   2   3.436E-10  0.144      0.856       0.00       0.00       0.00       0.00       0.00       0.00    
   3    0.00       0.00       0.00       0.00       0.00       0.00       0.00       0.00       0.00    
   4    0.00       0.00       0.00       0.00       0.00       0.00       0.00       0.00       0.00    
   5    0.00       0.00       0.00       0.00       0.00       0.00       0.00       0.00       0.00    
   6   1.943E-22  1.177E-11  1.274E-03  0.915      8.357E-02  1.032E-87   0.00       0.00       0.00    
   7   2.141E-20  5.882E-10  4.172E-03  0.996      1.266E-04  7.731E-14  2.609E-93   0.00       0.00    
   8   4.435E-18  6.038E-08  4.199E-02  0.958      2.585E-05  2.578E-17  5.493E-29   0.00       0.00    
   9   6.333E-17  1.185E-06  0.592      0.408      1.535E-07  8.538E-21  2.101E-34   0.00       0.00    
  10   1.427E-15  3.080E-05  0.955      4.528E-02  1.097E-09  1.716E-19  2.063E-34   0.00       0.00    
  11   3.868E-15  1.662E-04  0.996      3.784E-03  2.503E-12  8.333E-23  4.683E-40   0.00       0.00    
  12   6.435E-21  2.292E-09   1.00      5.757E-05  3.134E-16  1.349E-27  3.432E-46   0.00       0.00    
  13   2.278E-28  6.440E-17  7.049E-08   1.00      8.289E-14  1.289E-26  2.874E-46   0.00       0.00    
  14   8.884E-31  1.166E-19  3.935E-09  1.152E-03  0.999      9.535E-24  1.641E-36   0.00       0.00    
  15   1.792E-29  1.510E-18  1.199E-09  2.424E-03  0.957      4.064E-02  1.941E-25   0.00       0.00    
  16   1.188E-28  1.154E-17  5.902E-09  1.673E-03  0.988      1.049E-02  7.761E-09  6.237E-44   0.00    
  17   2.671E-27  3.226E-16  7.483E-08  1.739E-02  0.980      2.995E-03  1.868E-11   0.00       0.00    
  18   1.972E-25  7.643E-15  9.364E-07  9.295E-02  0.906      5.855E-04  1.015E-11  1.255E-20  1.220E-32
  19   4.006E-24  4.801E-13  2.720E-05  0.366      0.634      1.004E-05  2.996E-15   0.00       0.00    
  20   1.154E-25  2.507E-14  1.811E-04  0.776      0.224      5.703E-07  3.824E-18   0.00       0.00    
  21    0.00       0.00       0.00       0.00       0.00       0.00       0.00       0.00       0.00    
  22   7.856E-33  3.327E-21  2.864E-11  4.131E-04   1.00      8.981E-10   0.00       0.00       0.00    
  23   1.279E-32  5.776E-21  9.141E-11  2.105E-03  0.988      9.659E-03   0.00       0.00       0.00    
  24   2.422E-32  1.068E-20  7.340E-11  1.367E-03  0.998      5.805E-04  4.454E-12   0.00       0.00    
  25   1.369E-31  4.756E-20  2.152E-10  3.754E-03  0.996      2.697E-04  2.684E-13   0.00       0.00    
  26   1.236E-31  3.020E-20  1.027E-10  5.701E-03  0.994      1.290E-04  1.493E-14  9.663E-24  6.469E-38
  27   1.431E-30  4.724E-19  1.839E-09  1.136E-02  0.989      1.078E-04  1.720E-14  1.195E-23   0.00    
  28   9.249E-30  2.261E-18  5.269E-09  1.861E-02  0.981      6.478E-05  5.877E-16  5.354E-25  9.293E-40
  29   3.625E-29  6.258E-18  1.319E-08  2.041E-02  0.980      5.280E-05  1.234E-15   0.00       0.00    
  30   2.326E-27  1.620E-16  4.418E-07   1.00       0.00       0.00       0.00       0.00       0.00    

# i =   24 wne = 0.1530E-09 T_e =  22516. dilfac = 0.2946E+00
   1   5.519E-10   1.00       0.00       0.00       0.00       0.00       0.00       0.00       0.00    
   2   1.519E-09  0.205      0.795       0.00       0.00       0.00       0.00       0.00       0.00    
   3    0.00       0.00       0.00       0.00       0.00       0.00       0.00       0.00       0.00    
   4    0.00       0.00       0.00       0.00       0.00       0.00       0.00       0.00       0.00    
   5    0.00       0.00       0.00       0.00       0.00       0.00       0.00       0.00       0.00    
   6   2.660E-21  5.255E-11  8.125E-04  0.856      0.143      1.348E-75   0.00       0.00       0.00    
   7   3.098E-19  2.899E-09  4.505E-03  0.995      4.137E-04  9.940E-13  5.316E-93   0.00       0.00    
   8   4.744E-17  2.292E-07  5.211E-02  0.948      5.809E-05  4.181E-16  2.752E-28   0.00       0.00    
   9   6.015E-16  3.469E-06  0.669      0.331      3.590E-07  1.011E-19  8.970E-34   0.00       0.00    
  10   1.061E-14  5.814E-05  0.936      6.411E-02  3.311E-09  3.341E-19  1.561E-34   0.00       0.00    
  11   1.412E-14  3.396E-04  0.995      4.696E-03  1.122E-11  1.238E-22  2.384E-40   0.00       0.00    
  12   3.460E-20  3.979E-09   1.00      1.159E-04  3.353E-15  2.955E-27  2.486E-46   0.00       0.00    
  13   4.402E-27  2.738E-16  1.561E-07   1.00      2.838E-13  1.304E-26  8.979E-47   0.00       0.00    
  14   2.367E-29  1.012E-18  1.865E-09  9.834E-04  0.999      3.485E-22  1.567E-37   0.00       0.00    
  15   4.139E-28  1.221E-17  3.975E-09  4.376E-03  0.967      2.827E-02  4.074E-26   0.00       0.00    
  16   2.711E-27  9.312E-17  1.778E-08  2.443E-03  0.967      3.034E-02  1.100E-07  4.336E-44   0.00    
  17   7.325E-26  2.781E-15  2.448E-07  2.889E-02  0.969      2.500E-03  4.989E-11   0.00       0.00    
  18   4.043E-24  5.796E-14  2.486E-06  0.135      0.864      5.169E-04  2.269E-11  1.441E-20  5.594E-33
  19   8.868E-23  3.463E-12  6.556E-05  0.496      0.504      1.329E-05  1.929E-14   0.00       0.00    
  20   2.003E-24  1.521E-13  3.463E-04  0.856      0.143      4.576E-07  1.363E-17   0.00       0.00    
  21    0.00       0.00       0.00       0.00       0.00       0.00       0.00       0.00       0.00    
  22   4.387E-31  6.536E-20  1.793E-10  9.218E-04  0.999      2.817E-09   0.00       0.00       0.00    
  23   1.008E-30  1.499E-19  7.290E-10  4.492E-03  0.989      6.956E-03   0.00       0.00       0.00    
  24   1.469E-30  2.286E-19  5.355E-10  2.980E-03  0.997      3.801E-04  3.933E-12   0.00       0.00    
  25   6.978E-30  9.418E-19  1.643E-09  9.518E-03  0.990      1.983E-04  4.070E-13   0.00       0.00    
  26   7.470E-30  7.208E-19  9.366E-10  1.260E-02  0.987      2.825E-04  1.076E-13  1.391E-23  2.677E-38
  27   2.293E-28  2.465E-17  3.387E-08  8.233E-02  0.918      1.204E-04  4.369E-14  8.795E-24   0.00    
  28   5.617E-28  3.889E-17  3.537E-08  3.382E-02  0.966      9.289E-05  2.674E-15  6.302E-25  3.199E-40
  29   2.213E-27  1.168E-16  8.644E-08  4.705E-02  0.953      3.974E-05  1.999E-15   0.00       0.00    
  30   4.846E-26  1.135E-15  1.154E-06   1.00       0.00       0.00       0.00       0.00       0.00    

# i =   30 wne = 0.1887E-10 T_e =  20744. dilfac = 0.3694E+00
   1   4.413E-09   1.00       0.00       0.00       0.00       0.00       0.00       0.00       0.00    
   2   3.731E-08  0.640      0.360       0.00       0.00       0.00       0.00       0.00       0.00    
   3    0.00       0.00       0.00       0.00       0.00       0.00       0.00       0.00       0.00    
   4    0.00       0.00       0.00       0.00       0.00       0.00       0.00       0.00       0.00    
   5    0.00       0.00       0.00       0.00       0.00       0.00       0.00       0.00       0.00    
   6   1.067E-18  2.636E-09  6.428E-02  0.929      6.351E-03  1.994E-84   0.00       0.00       0.00    
   7   1.111E-16  1.332E-07  0.133      0.867      2.271E-05  7.340E-15  3.891E-96   0.00       0.00    
   8   1.021E-14  1.054E-05  0.549      0.451      1.951E-06  8.529E-20  4.230E-32   0.00       0.00    
   9   5.107E-14  3.612E-05  0.939      6.103E-02  6.242E-09  5.151E-23  5.964E-38   0.00       0.00    
  10   6.312E-13  9.672E-04  0.992      6.894E-03  2.142E-11  1.869E-22  1.168E-38   0.00       0.00    
  11   6.614E-13  2.323E-03  0.997      4.974E-04  8.627E-14  1.207E-25  2.984E-44   0.00       0.00    
  12   1.838E-18  4.016E-08   1.00      1.565E-05  4.605E-17  6.033E-31  6.415E-51   0.00       0.00    
  13   1.939E-24  1.347E-14  1.115E-06   1.00      5.633E-15  3.123E-29  2.644E-50   0.00       0.00    
  14   6.358E-26  3.394E-16  3.788E-06  7.862E-02  0.921      1.249E-23  2.362E-39   0.00       0.00    
  15   1.055E-24  4.018E-15  1.792E-07  2.891E-02  0.967      4.474E-03  7.850E-28   0.00       0.00    
  16   6.969E-24  3.039E-14  7.664E-07  8.655E-02  0.913      9.150E-04  4.123E-10  4.995E-47   0.00    
  17   1.742E-22  8.166E-13  9.691E-06  0.167      0.833      3.245E-04  4.178E-13   0.00       0.00    
  18   8.147E-21  1.550E-11  1.586E-04  0.727      0.273      1.779E-05  4.114E-14  1.556E-23  8.156E-37
  19   6.452E-20  3.172E-10  7.680E-04  0.865      0.134      3.946E-07  2.494E-17   0.00       0.00    
  20   9.467E-22  9.324E-12  2.633E-03  0.973      2.429E-02  1.048E-08  8.609E-21   0.00       0.00    
  21    0.00       0.00       0.00       0.00       0.00       0.00       0.00       0.00       0.00    
  22   1.457E-27  2.811E-17  9.601E-09  6.473E-03  0.994      1.317E-10   0.00       0.00       0.00    
  23   3.805E-27  7.118E-17  4.246E-08  3.036E-02  0.969      8.312E-04   0.00       0.00       0.00    
  24   4.337E-27  8.769E-17  2.639E-08  1.767E-02  0.982      3.588E-05  4.685E-14   0.00       0.00    
  25   1.984E-26  3.612E-16  8.524E-08  6.180E-02  0.938      1.969E-05  2.659E-15   0.00       0.00    
  26   2.480E-26  3.249E-16  5.620E-08  0.228      0.772      9.774E-06  7.708E-17  2.751E-27  6.311E-43
  27   3.467E-25  4.660E-15  8.418E-07  0.265      0.735      1.278E-05  1.833E-16  4.391E-27   0.00    
  28   1.297E-24  1.101E-14  1.340E-06  0.338      0.662      3.115E-06  2.371E-18  2.816E-28  1.686E-44
  29   4.441E-24  2.882E-14  2.759E-06  0.197      0.803      7.068E-06  1.152E-17   0.00       0.00    
  30   2.136E-23  6.372E-14  8.585E-06   1.00       0.00       0.00       0.00       0.00       0.00    

# i =   36 wne = 0.3142E-11 T_e =  20951. dilfac = 0.3813E+00
   1   2.589E-08   1.00       0.00       0.00       0.00       0.00       0.00       0.00       0.00    
   2   3.208E-07  0.946      5.446E-02   0.00       0.00       0.00       0.00       0.00       0.00    
   3    0.00       0.00       0.00       0.00       0.00       0.00       0.00       0.00       0.00    
   4    0.00       0.00       0.00       0.00       0.00       0.00       0.00       0.00       0.00    
   5    0.00       0.00       0.00       0.00       0.00       0.00       0.00       0.00       0.00    
   6   2.144E-16  8.986E-08  0.280      0.720      7.565E-04  1.982E-85   0.00       0.00       0.00    
   7   1.540E-14  4.117E-06  0.468      0.532      2.202E-06  6.068E-17  1.084E-98   0.00       0.00    
   8   5.743E-13  1.174E-04  0.911      8.884E-02  5.044E-08  5.118E-22  4.344E-35   0.00       0.00    
   9   1.807E-12  2.166E-04  0.988      1.217E-02  1.889E-10  2.549E-25  5.032E-41   0.00       0.00    
  10   2.241E-11  6.779E-03  0.992      1.188E-03  6.053E-13  7.866E-25  8.408E-42   0.00       0.00    
  11   2.073E-11  1.266E-02  0.987      8.228E-05  2.210E-15  5.245E-28  2.205E-47   0.00       0.00    
  12   6.182E-17  2.989E-07   1.00      3.080E-06  1.448E-18  2.766E-33  4.981E-54   0.00       0.00    
  13   3.850E-22  4.462E-13  6.426E-06   1.00      9.226E-16  8.586E-31  1.224E-52   0.00       0.00    
  14   6.945E-23  6.297E-14  1.722E-04  0.339      0.661      1.709E-24  6.533E-41   0.00       0.00    
  15   1.001E-21  6.511E-13  5.015E-06  0.141      0.858      7.728E-04  2.279E-29   0.00       0.00    
  16   6.258E-21  4.644E-12  2.010E-05  0.375      0.625      6.255E-05  5.307E-12  1.910E-49   0.00    
  17   1.078E-19  8.561E-11  1.766E-04  0.530      0.470      3.382E-05  6.733E-15   0.00       0.00    
  18   3.317E-18  1.083E-09  1.217E-03  0.941      5.773E-02  6.787E-07  4.590E-16  3.001E-26  2.693E-40
  19   1.403E-17  1.173E-08  4.869E-03  0.969      2.640E-02  1.278E-08  1.279E-19   0.00       0.00    
  20   1.859E-19  3.131E-10  1.501E-02  0.981      4.454E-03  3.326E-10  4.434E-23   0.00       0.00    
  21    0.00       0.00       0.00       0.00       0.00       0.00       0.00       0.00       0.00    
  22   1.614E-24  5.323E-15  3.087E-07  3.578E-02  0.964      2.139E-11   0.00       0.00       0.00    
  23   3.870E-24  1.231E-14  1.244E-06  0.146      0.854      1.312E-04   0.00       0.00       0.00    
  24   4.399E-24  1.522E-14  7.823E-07  8.711E-02  0.913      6.114E-06  1.460E-15   0.00       0.00    
  25   1.717E-23  5.379E-14  2.189E-06  0.259      0.741      2.916E-06  5.995E-17   0.00       0.00    
  26   2.247E-23  5.074E-14  1.507E-06  0.682      0.318      5.871E-07  7.597E-19  1.021E-29  3.935E-46
  27   1.674E-22  3.828E-13  1.186E-05  0.585      0.415      1.236E-06  2.879E-18  1.153E-29   0.00    
  28   8.281E-22  1.194E-12  4.726E-05  0.800      0.200      8.356E-08  4.110E-19  7.786E-31  7.795E-48
  29   2.704E-21  2.976E-12  4.874E-05  0.605      0.395      5.053E-07  2.060E-19   0.00       0.00    
  30   4.215E-21  2.142E-12  4.956E-05   1.00       0.00       0.00       0.00       0.00       0.00    

# i =   42 wne = 0.1908E-12 T_e =  23617. dilfac = 0.4031E+00
   1   3.733E-07   1.00       0.00       0.00       0.00       0.00       0.00       0.00       0.00    
   2   4.275E-06  0.987      1.289E-02   0.00       0.00       0.00       0.00       0.00       0.00    
   3    0.00       0.00       0.00       0.00       0.00       0.00       0.00       0.00       0.00    
   4    0.00       0.00       0.00       0.00       0.00       0.00       0.00       0.00       0.00    
   5    0.00       0.00       0.00       0.00       0.00       0.00       0.00       0.00       0.00    
   6   4.323E-13  1.220E-05  0.365      0.635      1.854E-04  1.515E-77   0.00       0.00       0.00    
   7   7.020E-12  8.244E-05  0.751      0.249      4.634E-07  4.045E-18  4.711-101   0.00       0.00    
   8   1.046E-10  7.308E-04  0.975      2.452E-02  4.633E-09  5.577E-23  3.243E-37   0.00       0.00    
   9   2.575E-10  2.164E-03  0.994      3.426E-03  2.386E-11  7.390E-26  1.012E-42   0.00       0.00    
  10   3.987E-09  2.450E-02  0.975      2.773E-04  5.185E-14  1.318E-26  9.863E-45   0.00       0.00    
  11   1.754E-09  7.867E-02  0.921      2.009E-05  3.678E-16  6.054E-30  1.796E-50   0.00       0.00    
  12   1.132E-14  3.381E-06   1.00      1.227E-06  4.384E-19  2.534E-34  3.120E-56   0.00       0.00    
  13   9.651E-19  7.424E-11  8.030E-05   1.00      4.227E-15  2.557E-31  2.396E-54   0.00       0.00    
  14   1.596E-18  1.006E-10  5.016E-04  0.425      0.575      8.410E-24  2.090E-43   0.00       0.00    
  15   1.107E-17  5.061E-10  2.877E-04  0.635      0.365      8.466E-05  1.623E-31   0.00       0.00    
  16   6.753E-17  3.496E-09  1.211E-03  0.723      0.276      8.370E-06  2.398E-14  5.431E-52   0.00    
  17   4.244E-16  2.320E-08  3.929E-03  0.933      6.309E-02  1.400E-06  2.328E-16   0.00       0.00    
  18   4.223E-15  9.967E-08  1.245E-02  0.975      1.296E-02  4.382E-08  3.262E-18  1.533E-29  9.542E-45
  19   2.623E-14  1.527E-06  5.018E-02  0.947      3.034E-03  6.008E-10  6.975E-21   0.00       0.00    
  20   3.544E-16  4.230E-08  0.141      0.858      5.998E-04  2.013E-11  5.758E-24   0.00       0.00    
  21    0.00       0.00       0.00       0.00       0.00       0.00       0.00       0.00       0.00    
  22   3.346E-20  7.756E-12  3.138E-05  0.278      0.722      2.191E-11   0.00       0.00       0.00    
  23   4.417E-20  9.834E-12  6.921E-05  0.601      0.399      1.832E-05   0.00       0.00       0.00    
  24   6.388E-20  1.570E-11  5.708E-05  0.535      0.465      1.376E-06  2.826E-16   0.00       0.00    
  25   1.513E-19  3.407E-11  1.007E-04  0.717      0.282      4.628E-07  8.294E-18   0.00       0.00    
  26   1.455E-19  2.381E-11  2.553E-04  0.886      0.114      8.965E-08  1.314E-18  2.052E-31  5.441E-49
  27   8.590E-19  1.386E-10  3.068E-04  0.844      0.155      1.890E-07  8.723E-19  2.286E-31   0.00    
  28   2.813E-18  2.884E-10  6.165E-04  0.943      5.621E-02  1.191E-08  4.494E-20  5.661E-33  3.747E-51
  29   8.894E-18  6.841E-10  8.126E-04  0.929      6.975E-02  3.427E-08  2.252E-20   0.00       0.00    
  30   1.021E-17  3.611E-10  6.067E-04  0.999       0.00       0.00       0.00       0.00       0.00    

# i =   46 wne = 0.3795E-13 T_e =  29898. dilfac = 0.7500E+00
   1   1.083E-06   1.00       0.00       0.00       0.00       0.00       0.00       0.00       0.00    
   2   3.397E-06  0.714      0.286       0.00       0.00       0.00       0.00       0.00       0.00    
   3    0.00       0.00       0.00       0.00       0.00       0.00       0.00       0.00       0.00    
   4    0.00       0.00       0.00       0.00       0.00       0.00       0.00       0.00       0.00    
   5    0.00       0.00       0.00       0.00       0.00       0.00       0.00       0.00       0.00    
   6   3.563E-13  2.485E-06  5.740E-02  0.935      7.530E-03  1.269E-59   0.00       0.00       0.00    
   7   5.301E-12  2.925E-05  0.250      0.750      1.307E-04  2.598E-12  9.052E-96   0.00       0.00    
   8   7.641E-11  2.567E-04  0.701      0.298      6.171E-06  9.350E-16  2.640E-30   0.00       0.00    
   9   2.805E-10  9.084E-04  0.939      6.024E-02  9.658E-08  1.515E-18  1.201E-35   0.00       0.00    
  10   2.030E-09  4.127E-03  0.984      1.216E-02  1.281E-09  4.709E-22  2.606E-40   0.00       0.00    
  11   6.802E-10  1.203E-02  0.986      1.918E-03  2.926E-11  3.576E-25  9.279E-46   0.00       0.00    
  12   6.684E-14  2.427E-06   1.00      2.060E-04  1.515E-13  2.011E-28  1.785E-50   0.00       0.00    
  13   1.038E-17  1.883E-10  9.928E-05   1.00      5.108E-11  1.078E-27  3.952E-51   0.00       0.00    
  14   2.233E-18  3.886E-11  1.964E-05  6.301E-02  0.937      1.959E-18  2.115E-44   0.00       0.00    
  15   1.967E-17  2.729E-10  7.497E-05  0.168      0.826      6.246E-03  3.014E-30   0.00       0.00    
  16   1.124E-16  1.703E-09  2.749E-04  0.242      0.757      1.260E-03  1.504E-09  7.309E-48   0.00    
  17   1.005E-15  1.425E-08  1.524E-03  0.573      0.425      3.764E-04  4.849E-11   0.00       0.00    
  18   7.365E-15  7.599E-08  4.970E-03  0.839      0.156      3.144E-05  2.047E-12  5.937E-24  2.371E-39
  19   2.160E-14  3.674E-07  1.543E-02  0.930      5.424E-02  1.329E-06  1.741E-14   0.00       0.00    
  20   8.937E-16  3.596E-08  3.448E-02  0.952      1.319E-02  8.386E-08  6.512E-17   0.00       0.00    
  21    0.00       0.00       0.00       0.00       0.00       0.00       0.00       0.00       0.00    
  22   1.581E-19  1.186E-11  1.469E-05  0.110      0.890      3.641E-08   0.00       0.00       0.00    
  23   1.499E-19  1.056E-11  2.807E-05  0.237      0.762      1.133E-03   0.00       0.00       0.00    
  24   2.448E-19  1.990E-11  2.567E-05  0.211      0.789      1.686E-04  1.362E-11   0.00       0.00    
  25   4.547E-19  3.690E-11  4.224E-05  0.264      0.736      9.149E-05  1.901E-12   0.00       0.00    
  26   8.925E-19  4.984E-11  4.691E-05  0.372      0.628      1.381E-04  1.039E-12  5.150E-25  2.081E-42
  27   2.743E-18  1.478E-10  1.219E-04  0.424      0.575      7.734E-05  6.314E-13  5.707E-26   0.00    
  28   8.193E-18  2.922E-10  2.068E-04  0.533      0.467      1.291E-05  1.024E-13  4.907E-27  1.106E-45
  29   2.188E-17  5.602E-10  2.821E-04  0.615      0.384      2.061E-05  2.272E-14   0.00       0.00    
  30   5.473E-17  5.975E-10  4.340E-04   1.00       0.00       0.00       0.00       0.00       0.00    

# i =   48 wne = 0.1563E-13 T_e =  41233. dilfac = 0.1000E+01
   1   1.485E-06   1.00       0.00       0.00       0.00       0.00       0.00       0.00       0.00    
   2   2.160E-08  1.398E-02  0.986       0.00       0.00       0.00       0.00       0.00       0.00    
   3    0.00       0.00       0.00       0.00       0.00       0.00       0.00       0.00       0.00    
   4    0.00       0.00       0.00       0.00       0.00       0.00       0.00       0.00       0.00    
   5    0.00       0.00       0.00       0.00       0.00       0.00       0.00       0.00       0.00    
   6   1.529E-16  1.617E-09  2.735E-04  0.241      0.758      1.140E-39   0.00       0.00       0.00    
   7   3.833E-15  3.865E-08  3.288E-03  0.789      0.208      6.040E-05  2.528E-63   0.00       0.00    
   8   8.751E-14  3.329E-07  1.373E-02  0.942      4.402E-02  4.795E-07  1.802E-15   0.00       0.00    
   9   2.876E-13  2.042E-06  4.710E-02  0.946      7.315E-03  9.881E-09  5.885E-19   0.00       0.00    
  10   2.415E-12  1.269E-05  0.142      0.857      1.203E-03  1.523E-10  7.409E-22   0.00       0.00    
  11   7.894E-12  5.361E-05  0.335      0.665      1.995E-04  2.431E-12  2.413E-25   0.00       0.00    
  12   2.399E-14  7.208E-07  0.622      0.378      1.793E-05  3.366E-14  4.780E-28   0.00       0.00    
  13   5.202E-19  9.182E-12  1.672E-05   1.00      8.175E-06  1.402E-15  1.799E-30   0.00       0.00    
  14   1.003E-21  2.898E-14  3.137E-08  1.324E-03  0.999      1.562E-11  1.238E-27   0.00       0.00    
  15   7.217E-22  1.799E-14  2.214E-08  6.335E-04  0.242      0.757      3.232E-18   0.00       0.00    
  16   7.897E-21  1.785E-13  1.225E-07  2.111E-03  0.449      0.546      2.775E-03  8.037E-29   0.00    
  17   6.995E-20  1.146E-12  7.099E-07  6.421E-03  0.614      0.379      5.552E-04   0.00       0.00    
  18   6.082E-19  8.837E-12  4.231E-06  2.235E-02  0.801      0.177      1.388E-04  1.055E-10  9.415E-20
  19   8.374E-18  3.305E-11  1.493E-05  4.881E-02  0.897      5.433E-02  1.111E-05   0.00       0.00    
  20   8.720E-19  6.414E-11  5.564E-05  0.113      0.867      2.012E-02  5.931E-07   0.00       0.00    
  21    0.00       0.00       0.00       0.00       0.00       0.00       0.00       0.00       0.00    
  22   1.674E-22  2.600E-14  6.411E-08  3.111E-03  0.996      7.816E-04   0.00       0.00       0.00    
  23   8.153E-23  8.577E-15  4.832E-08  2.873E-03  0.596      0.401       0.00       0.00       0.00    
  24   1.012E-22  1.760E-14  5.639E-08  3.226E-03  0.820      0.176      9.338E-05   0.00       0.00    
  25   1.113E-22  2.194E-14  6.987E-08  3.594E-03  0.859      0.138      3.685E-05   0.00       0.00    
  26   2.451E-22  3.205E-14  8.624E-08  3.960E-03  0.770      0.226      4.424E-05  4.638E-12  1.007E-22
  27   4.986E-22  5.090E-14  1.228E-07  4.987E-03  0.818      0.177      3.101E-05  1.224E-12   0.00    
  28   1.282E-21  8.857E-14  1.691E-07  6.313E-03  0.849      0.144      1.112E-05  3.664E-13  1.248E-24
  29   2.850E-21  1.178E-13  2.301E-07  8.338E-03  0.884      0.107      2.359E-06   0.00       0.00    
  30   5.967E-19  8.653E-12  3.079E-05   1.00       0.00       0.00       0.00       0.00       0.00    

# i =   51 wne = 0.1005E-14 T_e =  83379. dilfac = 0.1000E+01
   1   6.994E-06   1.00       0.00       0.00       0.00       0.00       0.00       0.00       0.00    
   2   1.282E-10  5.278E-05   1.00       0.00       0.00       0.00       0.00       0.00       0.00    
   3    0.00       0.00       0.00       0.00       0.00       0.00       0.00       0.00       0.00    
   4    0.00       0.00       0.00       0.00       0.00       0.00       0.00       0.00       0.00    
   5    0.00       0.00       0.00       0.00       0.00       0.00       0.00       0.00       0.00    
   6   2.734E-22  3.488E-15  3.553E-09  2.798E-04   1.00      4.661E-16   0.00       0.00       0.00    
   7   2.067E-23  2.433E-16  2.652E-10  1.378E-05  2.414E-02  0.976      9.715E-26   0.00       0.00    
   8   1.248E-21  3.449E-15  2.339E-09  7.799E-05  6.230E-02  0.803      0.134       0.00       0.00    
   9   3.277E-21  2.991E-14  2.149E-08  4.748E-04  0.181      0.799      1.992E-02   0.00       0.00    
  10   5.289E-20  2.806E-13  1.362E-07  1.872E-03  0.382      0.614      2.311E-03   0.00       0.00    
  11   3.415E-19  8.602E-13  5.409E-07  5.919E-03  0.608      0.386      2.523E-04   0.00       0.00    
  12   1.376E-19  4.348E-12  1.408E-06  1.367E-02  0.779      0.207      1.171E-04   0.00       0.00    
  13   1.746E-21  2.660E-14  1.551E-07  2.237E-02  0.876      0.101      1.232E-05   0.00       0.00    
  14   6.507E-25  2.319E-17  6.653E-11  2.550E-05  0.945      5.505E-02  3.826E-06   0.00       0.00    
  15   8.938E-29  1.922E-21  9.252E-15  5.138E-09  2.767E-04   1.00      3.303E-05   0.00       0.00    
  16   1.284E-30  3.965E-23  6.147E-17  3.256E-11  1.680E-06  5.570E-03  0.994      1.213E-09   0.00    
  17   6.006E-30  8.385E-23  2.478E-16  9.261E-11  3.748E-06  9.763E-03  0.990       0.00       0.00    
  18   3.374E-30  4.793E-23  1.174E-16  3.954E-11  1.268E-06  2.269E-03  0.201      0.726      7.049E-02
  19   2.406E-28  6.314E-22  2.291E-15  8.106E-10  2.196E-05  2.206E-02  0.978       0.00       0.00    
  20   2.477E-28  1.383E-20  1.128E-14  3.588E-09  6.456E-05  5.015E-02  0.950       0.00       0.00    
  21    0.00       0.00       0.00       0.00       0.00       0.00       0.00       0.00       0.00    
  22   1.714E-27  1.701E-19  6.842E-13  2.023E-07  4.648E-03  0.995       0.00       0.00       0.00    
  23   7.691E-29  3.999E-21  3.586E-14  2.608E-08  7.804E-04  0.999       0.00       0.00       0.00    
  24   1.113E-30  1.266E-22  8.301E-16  5.833E-10  2.294E-05  2.652E-02  0.973       0.00       0.00    
  25   4.585E-31  6.714E-23  5.104E-16  3.819E-10  1.925E-05  2.331E-02  0.977       0.00       0.00    
  26   1.970E-31  1.923E-23  1.246E-16  1.003E-10  5.445E-06  1.117E-02  0.523      0.462      3.938E-03
  27   2.503E-31  2.068E-23  1.381E-16  9.778E-11  5.754E-06  1.210E-02  0.661      0.327       0.00    
  28   4.316E-31  2.807E-23  1.376E-16  1.094E-10  5.800E-06  1.264E-02  0.548      0.437      2.148E-03
  29   6.595E-30  1.984E-22  1.424E-15  1.402E-09  7.174E-05  0.151      0.849       0.00       0.00    
  30   1.593E-20  1.026E-13  3.243E-06   1.00       0.00       0.00       0.00       0.00       0.00    
# (N_jk/N_H)

# i =    1 wne = 0.1870E-08 T_e =  12000. dilfac = 0.1736E-04
   1  0.15E-09 0.10E+01 0.00E+00 0.00E+00 0.00E+00 0.00E+00 0.00E+00 0.00E+00 0.00E+00
   2  0.17E-09 0.10E+00 0.53E-04 0.00E+00 0.00E+00 0.00E+00 0.00E+00 0.00E+00 0.00E+00

# i =    6 wne = 0.1824E-08 T_e =  12000. dilfac = 0.2588E-03
   1  0.13E-09 0.10E+01 0.00E+00 0.00E+00 0.00E+00 0.00E+00 0.00E+00 0.00E+00 0.00E+00
   2  0.15E-09 0.10E+00 0.21E-03 0.00E+00 0.00E+00 0.00E+00 0.00E+00 0.00E+00 0.00E+00

# i =   12 wne = 0.1180E-08 T_e =  15015. dilfac = 0.3212E-01
   1  0.11E-09 0.10E+01 0.00E+00 0.00E+00 0.00E+00 0.00E+00 0.00E+00 0.00E+00 0.00E+00
   2  0.63E-10 0.40E-01 0.60E-01 0.00E+00 0.00E+00 0.00E+00 0.00E+00 0.00E+00 0.00E+00

# i =   18 wne = 0.5850E-09 T_e =  19255. dilfac = 0.1387E+00
   1  0.17E-09 0.10E+01 0.00E+00 0.00E+00 0.00E+00 0.00E+00 0.00E+00 0.00E+00 0.00E+00
   2  0.34E-10 0.14E-01 0.86E-01 0.00E+00 0.00E+00 0.00E+00 0.00E+00 0.00E+00 0.00E+00

# i =   24 wne = 0.1530E-09 T_e =  22516. dilfac = 0.2946E+00
   1  0.55E-09 0.10E+01 0.00E+00 0.00E+00 0.00E+00 0.00E+00 0.00E+00 0.00E+00 0.00E+00
   2  0.15E-09 0.20E-01 0.80E-01 0.00E+00 0.00E+00 0.00E+00 0.00E+00 0.00E+00 0.00E+00

# i =   30 wne = 0.1887E-10 T_e =  20744. dilfac = 0.3694E+00
   1  0.44E-08 0.10E+01 0.00E+00 0.00E+00 0.00E+00 0.00E+00 0.00E+00 0.00E+00 0.00E+00
   2  0.37E-08 0.64E-01 0.36E-01 0.00E+00 0.00E+00 0.00E+00 0.00E+00 0.00E+00 0.00E+00

# i =   36 wne = 0.3142E-11 T_e =  20951. dilfac = 0.3813E+00
   1  0.26E-07 0.10E+01 0.00E+00 0.00E+00 0.00E+00 0.00E+00 0.00E+00 0.00E+00 0.00E+00
   2  0.32E-07 0.95E-01 0.54E-02 0.00E+00 0.00E+00 0.00E+00 0.00E+00 0.00E+00 0.00E+00

# i =   42 wne = 0.1908E-12 T_e =  23617. dilfac = 0.4031E+00
   1  0.37E-06 0.10E+01 0.00E+00 0.00E+00 0.00E+00 0.00E+00 0.00E+00 0.00E+00 0.00E+00
   2  0.43E-06 0.99E-01 0.13E-02 0.00E+00 0.00E+00 0.00E+00 0.00E+00 0.00E+00 0.00E+00

# i =   46 wne = 0.3795E-13 T_e =  29898. dilfac = 0.7500E+00
   1  0.11E-05 0.10E+01 0.00E+00 0.00E+00 0.00E+00 0.00E+00 0.00E+00 0.00E+00 0.00E+00
   2  0.34E-06 0.71E-01 0.29E-01 0.00E+00 0.00E+00 0.00E+00 0.00E+00 0.00E+00 0.00E+00

# i =   48 wne = 0.1563E-13 T_e =  41233. dilfac = 0.1000E+01
   1  0.15E-05 0.10E+01 0.00E+00 0.00E+00 0.00E+00 0.00E+00 0.00E+00 0.00E+00 0.00E+00
   2  0.22E-08 0.14E-02 0.99E-01 0.00E+00 0.00E+00 0.00E+00 0.00E+00 0.00E+00 0.00E+00

# i =   51 wne = 0.1005E-14 T_e =  83379. dilfac = 0.1000E+01
   1  0.70E-05 0.10E+01 0.00E+00 0.00E+00 0.00E+00 0.00E+00 0.00E+00 0.00E+00 0.00E+00
   2  0.13E-10 0.53E-05 0.10E+00 0.00E+00 0.00E+00 0.00E+00 0.00E+00 0.00E+00 0.00E+00
