  0.000000000000000E+000   9282.17025267705     
  3.274602826974694E-008   9666.60671387913     
  5.443852528921138E-007   16416.3980255692     
  1.675492352225739E-006   36558.2016548385     
  2.752989441754271E-006   64330.4381608234     
  4.956472272878721E-006   141838.767770904     
  1.219777565150631E-005   534703.153813442     
  2.531096032844137E-005   1911777.94980643     
  4.720493861554370E-005   6240691.93293866     
  5.799709538623498E-005   9813798.58516561     
  7.652200624555444E-005   17698180.4443743     
  9.121299568094448E-005   25865978.2070734     
  1.140121563342068E-004   41571266.0818583     
  1.304930451310051E-004   55662534.8017857     
  1.533745203150257E-004   78844465.9993111     
  1.877206087877814E-004   121916157.851478     
  2.119335843990817E-004   159837809.645144     
  2.448851113841111E-004   222352415.707375     
  2.482579982854084E-004   229611048.815949     
  2.551122884052314E-004   244921044.253193     
  2.693047847973831E-004   278713348.308656     
  2.998897847045116E-004   361191587.928390     
  3.720999038421301E-004   609081989.992572     
  5.984827486745781E-004   1906891138.56980     
  6.659516526442086E-004   2705381614.09378     
  7.729533932103166E-004   4552719640.38104     
  8.575051408550205E-004   6816557576.84763     
  9.171471821039292E-004   9117645685.34588     
  1.003715241757366E-003   13898654060.7494     
  1.065581436286612E-003   18892881527.6541     
  1.157251585525298E-003   29496538012.2083     
  1.203032204626107E-003   37006146874.1547     
  1.330412844361436E-003   67039552910.4368     
  1.336407870575292E-003   69044543307.3416     
  1.351195878272589E-003   74238558758.7610     
  1.577586241006900E-003   120368040839.924     
  1.843197793773660E-003   172410842823.670     
  2.537836054907788E-003   299331515625.490     
  3.499200400538491E-003   466192881500.462     
  5.720489325817668E-003   820635669511.951     
  9.364914642468277E-003   1348273051577.23     
  1.536762526359064E-002   2110113623836.81     
  2.528219025799756E-002   3170428338915.58     
  6.982138161017698E-002   6488595822642.59     
  0.191785777224620        11851862119404.8     
  0.494148796637083        19738234565960.8     
   1.38266397705041        34631198743270.8     
   3.81208368591269        63973253154682.3     
   10.1519088833658        142046923470001.     
   26.1414090216825        367731082776301.     
   65.4523723265265        994740356245632.     
