   1.00000000000000        1.02921313271353        1.05990426958260     
   1.08832548564414        1.11023869238216        1.12478628553779     
   1.13369882028453        1.14034570834526        1.14534765318018     
   1.14753721140973        1.14963899173075        1.15174737513004     
   1.15398621407225        1.15566281529147        1.15767004292840     
   1.15893034853790        1.16056629301310        1.16071278100772     
   1.16077538572120        1.16252303181263        1.16351465394985     
   1.16625392217851        1.16899319040716        1.17447172686448     
   1.17995026332179        1.19090733623641        1.21282148206566     
   1.23473562789490        1.37006680521357        1.48235159850806     
   1.55446633572694        1.59536788173075        1.61717128138490     
   1.62843842892620        1.75877480076026        1.88911117259433     
   2.14978391626245        2.41045665993058        2.67112940359871     
   3.19247489093496        3.71382037827121        4.75651135294372     
   5.79920232761623        9.96996622630625        18.3114940236863     
   34.9945496184464        51.6776052132065        68.3606608079666     
   101.726771997487        132.391025523267        135.092883187007     
   83379.4896910677        65560.3549683796        51642.6280948151     
   41233.4569348572        34142.5531715721        29897.6561236660     
   27072.1809636727        25304.5516924814        24225.0002913959     
   23616.7216576053        23149.3886395271        22689.7051337133     
   22228.9545005313        21821.6173248684        21272.6417895495     
   20950.6459664936        20645.0177616589        20629.9953651297     
   20620.6845216329        20540.6625106770        20564.8477866633     
   20744.1552208304        20979.5331571793        21454.1494847981     
   21833.2461196578        22289.6597780624        22459.6829626572     
   22516.1851295354        21119.5532591233        20242.6491076395     
   19732.7721448151        19459.1673132004        19317.9635210640     
   19254.5145662994        18462.6978034187        17833.0451769011     
   16850.5163147505        16162.4656436925        15662.0075973491     
   15014.9200454107        14613.9469078632        14153.1258193140     
   13812.9694043323        13108.2931607073        12402.9225149718     
   12000.0000000000        12000.0000000000        12000.0000000000     
   12000.0000000000        12000.0000000000        12000.0000000000     
   994740304232740.        367731148593571.        142047291199016.     
   63975943070180.2        34643073645931.9        19742635383241.4     
   11853812038349.0        6488675344743.52        3170189565483.79     
   2109979720816.84        1348195633736.63        820613294183.919     
   466180058242.057        299323910638.333        172407927257.565     
   120366774588.841        74238618423.9701        69044850865.5821     
   67039743724.5309        37006097201.3388        29496448572.2289     
   18892657558.8915        13898251126.9249        9116766624.67565     
   6815251642.80782        4551349312.99025        2704347291.77347     
   1906139796.12581        608716804.758198        360981476.249322     
   278585308.209160        244828327.934372        229530728.331123     
   222284646.572922        159820034.323375        121911083.400965     
   78843977.6588734        55662459.5595569        41571249.0534105     
   25865975.3622456        17698179.0880768        9813797.84127668     
   6240691.53580594        1911777.89377124        534703.149382194     
   141838.767770904        64330.4381608234        36558.2016548385     
   16416.3980255692        9666.60671387913        9282.17025267705     
   1.12577402655839     
