HEPS 7000 3962.9 3976.57 0.0 3962.9 0.0 3976.57 0.0 1.0
HEI4026 7000 4022.50 4029.08 0.0 4022.50 0.0 4029.08 0.0 1.0
HDELTA 7500 4093.15 4107.01 0.0 4093.15 0.0 4107.01 0.0 1.0
HEII4200 7500 4195.14 4203.44 0.0 4195.14 0.0 4203.44 0.0 1.0
HGAMMA 8000 4334.09 4345.56 0.0 4334.09 0.0 4345.56 0.0 1.0
HEI4387 8000 4383.25 4392.94 0.0 4383.25 0.0 4392.94 0.0 1.0
HEI4471 8000 4467.38 4475.12 0.0 4467.38 0.0 4475.12 0.0 1.0
HEII4541 8000 4538.02 4545.73 0.0 4538.02 0.0 4545.73 0.0 1.0
HE47blen 8400 4683.70 4688.50 0.0 4683.70 0.0 4688.50 0.0 1.0
HALPHA 5850 6553.98 6570.31 0.0 6553.98 0.0 6570.31 0.0 1.0
