teff      35000.0 55000.0 250.0       
logg      2.6     4.6     0.025       
mdot      -8.6    -5.3    0.025       
yhe       0.095   0.4     0.005       
vinf      3000.0  3000.0  0.0         
vrot      10.0    400.0   5.0         
macro     -1.0    -1.0    -0.0        
micro     7.5     22.5    0.25        
beta      1.0     1.0     0.0         
fclump    1.0     1.0     0.0         
windturb  0.1     0.1     0.0         
C         6.0     9.0     0.05        
N         6.0     9.5     0.05        
O         6.0     9.0     0.05        
Si        6.0     9.0     0.05        
P         5.1     5.1     0.0         
uinfx     911.0   911.0   0.0         
fx        9999.0  9999.0  0.0         
